86151
72166
87905
131221
141536
140563
135728
113436
108598
94683
70174
75257
81377
85321
102812
134980
122680
118206
100009
89923
158165
141978
125065
197209
159232
116222
117416
58409
127242
120802
131608
175007
189317
187152
185317
190170
159526
125301
98673
111214
149913
152776
197170
176799
202339
204951
163343
202386
219060
192620
195613
228540
205461
150997
165406
122601
110875
149077
133976
184070
206329
201096
222777
198761
177590
123961
95941
125736
170454
236596
203343
163756
197191
232746
239507
236997
199409
181012
186440
199069
223890
195745
180027
125251
172884
175665
181565
170691
184284
173232
177544
209882
196644
143314
123251
170394
188636
234211
236731
179558
162679
208154
265955
262310
182403
196525
184465
195063
214294
213148
194533
120048
156993
176308
168778
168892
151271
173707
192641
224856
223461
143427
134184
170675
199232
183721
180267
162750
181007
239164
284498
266112
226171
232537
198981
209901
251602
273207
220016
96054
170647
195057
184697
145475
164995
132315
194153
224231
208154
133165
134948
184159
192296
187427
167706
179937
184234
225457
258980
242051
225453
237478
230041
211787
211647
262522
247027
122971
171295
218160
177822
160514
155834
129568
181587
243129
212991
164430
160549
205193
239605
195137
178839
129690
162153
255087
270272
217060
201850
246870
249306
234998
214591
264397
231345
139387
195949
205623
182283
200776
209477
192514
225080
255904
252552
184321
171262
197487
204704
211468
205811
194873
192009
206227
204031
176547
188338
212579
217241
212002
262026
246573
228425
152978
188029
194234
158551
143166
173502
169828
227755
262897
238729
182011
199047
206142
192451
205163
227325
179023
154827
168072
180899
186336
195865
209907
203373
200650
266484
219366
178124
95868
167364
164566
106119
107253
162643
190310
200231
219431
161277
157019
169718
148234
99251
135986
214513
244015
226760
178419
158524
208499
177993
196622
189272
193230
210478
192714
139263
64922
182848
158843
153624
131084
156554
157998
161875
128569
111869
141774
172967
168819
188254
191655
203142
216846
201706
124383
160622
245636
237585
201178
230633
204097
163060
148504
113344
89716
159856
149729
167729
161568
143751
144438
147918
125836
144914
177625
193375
213184
188510
173107
135916
174313
190816
132454
188152
272565
244948
199702
206437
227325
213106
146749
144704
96182
145043
177927
179386
133319
106167
145726
189530
154138
144985
169274
214338
269255
250350
206772
123521
122195
134083
131990
186933
303973
264746
177729
181378
214729
217461
169387
175867
114412
145553
167781
124822
75657
67722
141770
211717
176073
161136
188694
190666
194328
225627
182767
124584
91329
121342
140174
152208
236065
204127
153886
168459
189159
165267
200532
206354
108213
200512
201008
178712
154817
116986
174409
213362
177115
171327
224025
211694
217331
221087
231136
187550
126547
116377
112250
142041
166959
179740
199380
210250
209588
168620
178669
192654
106075
226242
208683
169070
172105
160631
138759
158255
160939
207367
228587
247864
226431
186716
173369
182382
139028
105998
113097
131405
154487
203020
215166
259285
268346
212800
167920
181004
131055
158226
223379
197486
198156
193148
165874
144391
184514
245826
259915
266271
236523
189144
165496
193448
157794
148444
149618
123122
199168
213692
236135
253682
287359
253590
223294
192755
104347
121792
211197
225413
184713
207113
195950
167708
217327
227388
234341
207362
203447
190506
183089
173175
134817
154443
135010
121549
203267
242527
244305
233091
222495
210368
209293
184296
93611
138497
225651
254524
263036
237945
250439
250722
279749
264722
236506
198797
166225
183966
212784
211740
199079
170542
141632
165090
191075
204770
216001
156432
178153
182694
189289
178978
91101
171446
209114
263861
291725
265579
212553
249495
281828
237855
192849
193093
199967
198864
207994
206304
245786
192065
169122
179093
167159
173886
174520
120251
127515
143329
149389
126182
87370
163313
225470
252472
269557
230771
149277
156743
203986
179409
194891
196165
174302
150569
134987
158640
221230
215983
173993
178223
216533
185344
153066
90254
138256
198240
215360
173452
88305
124385
210726
210869
239808
208076
151579
140907
136224
152975
151660
165072
135408
126643
109133
139967
186965
176590
151631
172980
197329
175167
114034
104016
151177
221959
218565
166557
85915
125276
224813
248563
229134
185974
143430
164686
125177
114688
145520
154451
177820
111278
109710
141007
128405
95433
143536
211869
213391
217419
175671
169181
210094
211214
233657
211502
146836
132646
183828
189297
165096
147580
132778
188898
194260
166120
187723
217105
198635
145093
144697
175732
160294
116247
148096
227674
235146
219974
175522
161488
188645
187119
173494
188166
95600
136381
186972
183370
156270
100324
89514
148045
215022
199763
217261
261169
259854
199507
187495
189117
202824
189322
192244
235859
252834
264142
192725
178045
161641
181473
212122
201010
99267
170051
190741
158793
127808
100103
90300
134240
205072
237725
220436
258935
229211
165418
150713
219199
227094
214219
210108
192046
204917
217044
191438
182335
190302
229015
272707
201932
94762
160676
196907
191806
147250
117789
95140
136012
201489
243762
235184
218325
224265
170330
152308
187158
249026
220085
199306
197542
204147
188670
141859
155982
186299
232681
262120
270216
148325
102532
153926
117484
101124
67633
91133
88855
131624
140989
162749
139771
123117
110729
83405
109048
166917
145163
106688
119510
130135
118639
80445
101852
145122
165761
181462
202206
119895
79197
115401
64799
74664
102448
97958
129033
100947
49253
98041
142498
105451
67074
102027
103321
81038
96901
103407
85407
78123
120290
89648
76105
86107
103901
90286
53727
83075
123578
162066
128988
161381
167204
145557
177720
163287
120389
137582
168292
146210
149880
171748
137668
116993
139864
158948
152402
141098
137052
157977
152302
163383
178917
117026
95538
130358
136749
182700
190750
235037
182053
141931
162686
138904
127606
161596
162975
138013
126219
123789
141299
167929
136850
128664
134423
131739
170333
186513
181076
185638
186234
157773
112125
123868
130573
188189
185855
200066
178001
190115
206236
177081
128616
150208
171449
144848
125622
110400
122479
140291
138207
120443
113185
108603
139809
194034
173055
161911
177466
149162
138840
158863
107594
148648
156418
186377
204207
201769
162933
146058
156365
185421
191450
111816
77768
124695
198951
175452
109639
98943
81739
106471
186567
193149
162795
152405
173547
188424
175167
178463
107656
160317
157775
165088
169114
181609
176725
120925
133889
212896
203063
146147
159244
198849
174626
143313
138396
121949
134803
148512
158121
139013
132310
151952
162218
185151
192993
143553
75939
125242
147837
192229
173582
144958
141690
127333
182369
210378
199680
172776
196894
247543
201279
175894
171713
137442
131568
179977
185445
163133
184424
179958
195333
237495
213081
153504
80689
132286
149271
175272
157117
166895
189678
162616
206006
238252
235132
215880
205440
171329
144891
179583
183862
157483
191075
205250
186340
154266
151176
173576
180812
205204
204467
171596
68552
110013
120770
148469
164147
191238
210245
209202
215719
208565
215499
188390
176986
175452
161854
188871
171228
138607
159639
199314
202509
180278
171715
149454
143764
152506
203150
195569
70100
107758
115760
140008
146117
153624
186031
180310
169096
193923
211919
187188
183425
168938
169256
179230
149141
183644
225828
204065
159630
147943
155694
130633
93117
109754
157843
143224
103505
167295
153276
166958
174727
143876
130072
142617
158864
170177
174517
200283
239773
214532
215367
225154
205318
178497
142103
154343
158655
141895
129916
101095
89251
91695
116625
136062
80843
156010
180023
199147
200015
149432
110677
92198
110621
151737
171937
161299
165779
136471
164213
199426
179947
156200
154034
137116
135811
137068
96418
90132
134416
131360
96599
83239
120774
188309
178435
211969
218156
153106
119987
140562
139588
149749
185347
141535
123106
126986
153802
185732
167239
133707
128459
172991
173294
102744
75579
115749
159557
176867
159452
116698
67371
107452
145821
214229
207871
160963
139346
133624
132166
144092
178711
119552
92157
124609
157279
142995
142240
171708
147932
131564
156573
137158
94551
168155
215932
203369
183372
130650
87211
142205
185691
223296
190582
130817
117800
132914
105273
153472
221654
163669
146343
213281
198480
153201
181331
181837
157767
183062
178665
163177
145142
148803
163115
178193
167121
151319
81343
172056
224837
233444
175118
122431
115524
98395
113954
177966
193421
134454
141294
233082
231876
194011
175454
154274
153474
162198
205358
194925
157678
176120
138685
112820
166355
176832
147408
230983
229950
218095
186035
163519
105930
113531
179085
201805
158986
129306
159109
207837
213776
180614
153922
160068
181516
168106
204272
203548
168793
174140
110392
69350
123799
144071
125088
213490
208156
159692
163430
151467
110779
154480
211389
197436
172622
138306
133090
177886
223105
178184
146138
193333
190004
161248
164174
184483
214093
205099
105131
84824
156823
159786
122629
196200
170155
154122
190133
163773
135552
194683
226839
219917
204203
187171
177575
195102
217898
196413
158119
192156
193179
130061
150038
198282
200502
179538
105203
80494
124112
128300
73432
129700
147345
166075
186441
149206
144288
173058
154852
205167
202662
151764
169171
187408
191456
177109
138649
194318
196757
155319
201102
201299
153832
121070
77510
75767
122581
115672
58079
113198
132064
139634
174941
175037
181694
196726
187340
202744
167868
164511
198054
196677
205378
191048
179932
184909
173612
178510
189906
171233
128249
91559
112100
126887
98188
85396
60487
141047
154225
149921
160681
159905
176796
176746
151303
175455
168858
143997
176128
201997
200825
200362
203426
190677
180628
182546
188927
147646
74820
89168
140670
152055
100351
59680
75778
132049
149239
138637
155560
172941
173216
218129
231386
223182
183406
189906
239582
212099
185229
226092
234665
213398
211254
193665
180584
166116
114397
117019
155222
179807
124365
66517
117141
208806
214584
197215
167913
157049
176663
189898
176204
180003
187096
205426
231987
204034
186725
207358
200614
186909
209310
190594
194674
182555
151825
143881
159170
187522
141697
83631
88595
180102
230598
230227
200731
193490
209080
225638
185459
164902
200117
237164
229484
172174
174722
182604
162153
173242
202801
175066
146084
156501
146698
129419
158090
213757
197486
148333
107241
170686
223717
243613
200528
186237
188188
179900
128063
144149
190581
169708
173893
164422
184388
174855
135635
126305
147911
170743
160084
157770
129095
139337
181518
208705
237340
192838
62044
116551
198963
263383
196606
148445
159342
159593
132951
143184
168300
159310
162386
178369
224898
184670
153193
152071
124487
115651
105874
114250
124865
144671
189258
237030
260915
210234
24529
55496
126560
159280
100896
56842
61034
69514
65210
72582
74916
67974
81724
110001
138208
120218
101238
84926
82191
106050
105403
90747
88166
108951
131350
150050
161983
119960
