173
134
44
199
30
120
243
215
22
132
136
252
72
187
37
250
231
100
202
106
114
200
115
76
27
198
110
4
110
99
82
51
124
248
8
22
56
125
114
9
238
140
143
177
4
232
97
248
128
0
35
88
191
132
125
82
11
246
229
241
114
96
205
183
110
45
12
173
170
97
253
165
153
156
237
153
72
206
85
57
58
174
68
198
244
18
123
117
96
151
155
66
253
193
232
49
51
77
169
201
81
192
232
102
99
202
87
142
70
243
34
73
69
198
191
119
80
52
11
55
155
16
42
135
99
89
35
120
0
154
78
56
235
126
103
216
200
171
161
68
152
204
233
11
35
127
82
206
89
184
69
156
125
27
153
201
52
218
238
70
206
99
158
57
213
228
136
210
161
163
200
157
166
104
133
123
170
233
163
111
119
112
141
149
47
37
251
177
216
153
180
87
65
189
181
32
156
108
148
34
81
244
198
206
76
11
0
219
243
41
28
166
253
171
14
255
218
150
70
170
134
13
97
50
232
107
69
34
138
208
91
140
186
69
218
2
238
134
138
253
148
169
113
224
43
219
96
120
226
229
133
91
204
87
117
117
28
174
111
115
97
215
246
87
125
227
128
183
12
168
152
40
15
106
25
187
12
25
201
128
13
5
21
170
69
6
141
26
207
72
106
180
104
124
239
255
224
252
151
90
70
81
57
102
178
6
200
99
236
12
15
169
155
145
214
158
144
201
89
201
168
226
180
86
73
145
207
18
193
105
94
74
144
121
25
230
253
60
127
98
68
177
69
26
142
60
55
136
61
2
98
41
109
174
103
140
231
159
3
202
89
93
42
32
171
113
31
193
241
187
73
246
224
238
184
97
152
223
12
238
15
156
39
223
245
156
51
33
89
36
26
104
150
223
159
119
133
140
138
109
186
20
38
74
15
165
51
90
82
215
16
101
104
53
89
86
77
103
207
193
227
23
125
109
145
87
82
161
89
51
114
35
50
151
140
224
119
27
134
252
197
241
2
30
32
126
129
209
179
247
211
178
112
104
238
163
220
243
161
165
170
200
212
213
240
84
83
15
7
190
154
239
131
141
53
41
63
104
221
55
200
253
203
255
97
154
17
172
159
28
5
116
188
203
244
43
137
236
102
87
79
136
68
167
34
40
198
49
94
0
180
231
25
102
43
22
33
117
34
202
170
175
134
234
56
59
124
71
74
34
144
190
176
232
185
26
133
133
42
169
67
101
62
172
134
105
234
67
2
82
146
31
241
78
73
159
30
110
210
98
162
192
170
5
1
86
5
176
134
210
180
56
242
191
142
162
100
250
143
206
72
178
40
115
21
187
212
68
218
90
119
171
36
197
80
188
216
22
245
186
94
62
109
141
187
121
168
60
234
91
33
62
18
70
14
233
125
181
56
240
198
164
120
177
198
84
147
166
191
122
126
250
146
4
73
183
92
143
119
148
208
66
124
198
85
220
76
221
142
197
175
75
239
90
109
255
45
74
72
7
251
13
184
141
57
234
146
225
171
249
15
146
52
225
81
175
79
172
195
22
20
129
33
147
103
139
148
155
31
123
186
45
207
30
109
110
50
93
255
46
57
140
230
13
42
162
189
40
48
61
245
13
189
235
33
67
151
161
162
22
136
205
236
74
52
220
13
62
195
84
133
27
230
215
135
229
84
134
194
65
37
98
156
142
209
241
126
94
251
195
197
139
12
106
96
64
217
18
6
185
235
32
224
47
17
137
10
250
156
80
125
10
5
30
2
92
28
236
163
209
180
124
177
95
179
252
103
237
213
22
244
16
130
106
18
6
153
60
218
94
227
72
244
227
115
156
149
178
119
222
19
241
90
232
172
85
139
146
175
43
87
102
66
122
85
98
131
181
126
85
101
119
55
89
108
12
53
178
108
95
108
99
192
219
4
107
223
32
142
83
66
146
195
187
161
163
69
237
87
27
100
110
160
216
22
225
4
98
111
237
13
12
207
60
129
56
73
142
26
84
210
206
207
170
39
144
212
106
11
99
0
219
164
154
161
1
134
128
109
135
233
110
170
148
205
199
254
89
156
49
199
243
51
105
179
15
30
214
103
211
43
48
207
88
184
193
91
231
63
62
167
181
59
171
19
217
9
253
132
147
86
60
139
238
163
154
131
118
212
222
11
12
157
159
254
5
44
212
7
218
242
90
141
234
18
191
39
66
77
139
198
68
213
114
206
127
71
247
181
126
172
155
232
225
193
212
152
40
67
81
81
176
15
10
146
15
20
64
9
212
54
4
54
55
59
95
250
151
115
32
88
140
114
2
83
147
182
121
107
4
53
75
89
225
220
104
123
41
132
128
233
34
158
24
170
255
218
61
250
215
57
217
74
197
104
58
180
8
180
51
208
65
149
114
108
112
45
14
119
80
87
233
184
29
242
235
27
39
48
98
244
93
205
44
139
144
102
103
93
215
169
30
38
206
2
229
168
101
4
162
96
117
163
82
212
205
197
200
19
54
236
112
98
199
158
57
115
215
104
217
73
132
144
106
83
238
226
224
123
203
13
105
19
229
39
124
139
100
162
181
224
174
184
226
13
81
128
142
149
206
98
54
115
38
116
151
18
107
68
1
48
124
245
156
242
241
121
195
106
97
0
203
103
94
151
204
195
103
233
185
29
16
177
68
236
30
227
75
218
170
148
12
220
244
67
235
23
176
109
11
62
28
9
19
128
223
51
166
4
185
111
114
121
206
80
246
101
43
100
140
104
254
235
236
32
141
167
36
87
0
244
217
90
241
140
219
91
152
254
202
215
16
170
69
208
158
90
61
170
2
20
142
85
154
18
98
113
140
94
7
15
189
86
106
90
57
3
67
35
130
192
148
74
27
201
234
196
34
127
251
53
170
165
110
150
29
40
149
251
205
154
32
131
34
49
198
7
26
132
243
206
67
174
237
88
183
153
133
125
19
227
10
228
97
64
102
181
220
66
27
21
69
173
182
179
6
86
39
103
45
40
128
9
93
204
111
191
135
170
123
105
108
93
28
156
58
93
46
211
8
84
220
223
89
150
94
13
150
162
163
165
210
105
29
236
76
3
62
59
82
92
175
162
7
151
207
225
125
69
230
176
46
98
50
57
103
101
134
78
144
218
146
3
220
105
232
145
212
12
108
187
79
35
201
47
73
218
79
144
26
69
104
101
167
178
147
249
213
33
10
26
2
3
12
159
70
111
191
67
188
219
171
39
237
12
250
178
52
230
22
207
208
202
233
13
67
37
5
111
227
176
69
21
228
10
4
130
168
33
193
230
1
84
50
7
2
77
115
112
34
116
194
172
247
84
11
209
16
46
145
131
53
170
19
35
192
214
30
125
52
57
235
180
156
246
83
54
67
119
165
6
70
16
211
52
29
227
33
138
19
167
62
142
225
82
101
140
105
94
75
233
8
79
126
66
195
182
70
72
223
194
238
223
198
62
205
141
106
56
44
67
30
189
130
85
72
153
44
210
200
32
132
7
93
51
95
193
57
108
123
233
50
2
144
197
183
219
202
247
172
18
53
61
185
150
2
13
121
