00000000001010111000
00000000001101111001
00000000001011001101
00000000001100110101
00000000001001100110
00000000010001101011
00000000001111011101
00000000001001110010
00000000001000010010
00000000001101101011
00000000001100111010
00000000010000011011
00000000001001010111
00000000001011010001
00000000001011110011
00000000000111011100
00000000000101101100
00000000010000000000
00000000001011000001
00000000001100001000
00000000001010000100
00000000001000010101
00000000000111001111
00000000001011111011
00000000001110010101
00000000001100000010
00000000001101011011
00000000001011111000
00000000001100101110
00000000010001000101
00000000010001111111
00000000010000101101
00000000010101101101
00000000001110100101
00000000010000100100
00000000010011001010
00000000010011001100
00000000010110001101
00000000001110110001
00000000010101110111
00000000010000111011
00000000001111111011
00000000010100000001
00000000010110100101
00000000001101111111
00000000001110010000
00000000010010111101
00000000010010000001
00000000001001010100
00000000001110011010
00000000001111010111
00000000010110000010
00000000001111001000
00000000010100000110
00000000010010111010
00000000001110000000
00000000001100101001
00000000010101001001
00000000001101110100
00000000010101101111
00000000001110010001
00000000010001001000
00000000001011111010
00000000010011001010
00000000010000000011
00000000010111001101
00000000010010111111
00000000010110011101
00000000010001010101
00000000010100010101
00000000001110001101
00000000010011110011
00000000010111000010
00000000001101101110
00000000011001011011
00000000010011100101
00000000010010011111
00000000010001100000
00000000010011111100
00000000001101001010
00000000001101010110
00000000010101111101
00000000001100011010
00000000001011001010
00000000001011000111
00000000010010110101
00000000001110110111
00000000010101010110
00000000001111010000
00000000001000010000
00000000001111011100
00000000010000110111
00000000010000110010
00000000010011101110
00000000001110001111
00000000001010001110
00000000001101000110
00000000010100100111
00000000010001010100
00000000001111010111
00000000001110111101
00000000001010010100
00000000001110100011
00000000010000010100
00000000001111010110
00000000010000100100
00000000010101000110
00000000010110010101
00000000010011011110
00000000010110110101
00000000001110110010
00000000001010010000
00000000001100011010
00000000010111011010
00000000010010010011
00000000010011111000
00000000001011101001
00000000001101000011
00000000010000011100
00000000010101111001
00000000001111011010
00000000010111010001
00000000010001101000
00000000010101111010
00000000010011000110
00000000001111011110
00000000001110011011
00000000001100000011
00000000001100100111
00000000001111010111
00000000010000000000
00000000010101010110
00000000010011110000
00000000010011001010
00000000010011111000
00000000001110011100
00000000010101110111
00000000010111011001
00000000010110000010
00000000000110010100
00000000001001110011
00000000001100000000
00000000010001000100
00000000010011110101
00000000001101011110
00000000001110110111
00000000011000101100
00000000001011011110
00000000010110101101
00000000010001100101
00000000010100110100
00000000001100110001
00000000010011110100
00000000010100100001
00000000011010110111
00000000001001011110
00000000001101101101
00000000010000000011
00000000010101000001
00000000001111011110
00000000001100101001
00000000010011001001
00000000010010110111
00000000010001011011
00000000010000111010
00000000010101000010
00000000001100111000
00000000001100000001
00000000001011000001
00000000010000100001
00000000010101011010
00000000010100001100
00000000010100001001
00000000001100100110
00000000010100111110
00000000010100001011
00000000010010001001
00000000010001000100
00000000001100100101
00000000001101001010
00000000010101000100
00000000010100100000
00000000001011101001
00000000001101100100
00000000010001111101
00000000011000011110
00000000001110101101
00000000010011001111
00000000010001011100
00000000010110111000
00000000010000111101
00000000001111101010
00000000001011010110
00000000001101110011
00000000001110110001
00000000001100010000
00000000001001011111
00000000010010111110
00000000011001001011
00000000010000011011
00000000001111100011
00000000001010111101
00000000010001111100
00000000010000011011
00000000010000011011
00000000010000010000
00000000001111010111
00000000001110100001
00000000001110011010
00000000001110010000
00000000001100111101
00000000001010110000
00000000010001101011
00000000010000101111
00000000010000010010
00000000010111000001
00000000010010111011
00000000010100011101
00000000010001111100
00000000010011110101
00000000010101101001
00000000001101010010
00000000001111100010
00000000001001010110
00000000001110001101
00000000001111101010
00000000010011010101
00000000010001011110
00000000010010100000
00000000010000110100
00000000010000101111
00000000010101010101
00000000010110000111
00000000010101111111
00000000010100111010
00000000010001110010
00000000010101010101
00000000010011011110
00000000010101101110
00000000010011110010
00000000010110011110
00000000010101011000
00000000010011010100
00000000001100100101
00000000001001101101
00000000010001011100
00000000010000101001
00000000001111111001
00000000010001110110
00000000001000001001
00000000010010011011
00000000001010101111
00000000000100111101
00000000010111110101
00000000010000100111
00000000001110101101
00000000001110111011
00000000001010001100
00000000010001100000
00000000010010111100
00000000001111000001
00000000001111101110
00000000001001110110
00000000010011110111
00000000010010101001
00000000011000000000
00000000010000110111
00000000001111110011
00000000010111100000
00000000010110111101
00000000011000011100
00000000010010110011
00000000011000011001
00000000010101011011
00000000010100000011
00000000010010110100
00000000010100010110
00000000010100000010
00000000001101101100
00000000001110011000
00000000001010101100
00000000010100101100
00000000001100101111
00000000010001111111
00000000001111111110
00000000001110101111
00000000001101100011
00000000010100110001
00000000001111110010
00000000010100011000
00000000010011000101
00000000010001001110
00000000001100011000
00000000010001101100
00000000001101001011
00000000010100010110
00000000010100001110
00000000001110110010
00000000001100100111
00000000010000011001
00000000010110010000
00000000001011000000
00000000010100100011
00000000010100110111
00000000010100001000
00000000001011101100
00000000010101110111
00000000001001001001
00000000001000101010
00000000010111001101
00000000010100101001
00000000010000111011
00000000010110111001
00000000010010010011
00000000001010110111
00000000001101101100
00000000010000011101
00000000001001111100
00000000010100110000
00000000010100000000
00000000001111001101
00000000010000010001
00000000001110110111
00000000001111100111
00000000001100011101
00000000010101101000
00000000001110011111
00000000010011011000
00000000001100101111
00000000010110011110
00000000010010010110
00000000010000110111
00000000001110100010
00000000010100010010
00000000010010101111
00000000001101100000
00000000010000100101
00000000010001010011
00000000001111100000
00000000010001111101
00000000010010101110
00000000010001110111
00000000010101011010
00000000010010110000
00000000010101000101
00000000010001011100
00000000011001110010
00000000010100011011
00000000010010110101
00000000001110001111
00000000010011011011
00000000001100110110
00000000010010001010
00000000010001110111
00000000010000001110
00000000001011111000
00000000001110001111
00000000011000000010
00000000010001000100
00000000010010100110
00000000001110000001
00000000001101011101
00000000010000100111
00000000001101111111
00000000001001100011
00000000001100101100
00000000001101110010
00000000010010000001
00000000001011111111
00000000001010111000
00000000001111100001
00000000001101000100
00000000010011000000
00000000010011101111
00000000001111111011
00000000001101001110
00000000010001100100
00000000010011011010
00000000010100001110
00000000011000011000
00000000011000001111
00000000010101111100
00000000010010110011
00000000010101010000
00000000011000100011
00000000010001111110
00000000001110011111
00000000001010101101
00000000010110011100
00000000010100101100
00000000001101010100
00000000001010000111
00000000001110000001
00000000010001110000
00000000010000101010
00000000010101010110
00000000011000111101
00000000010110000011
00000000010110101110
00000000010101111000
00000000001100001011
00000000010101110101
00000000001111100001
00000000010110010100
00000000001110101101
00000000010101101110
00000000001111111101
00000000001110101001
00000000010110110000
00000000010001111111
00000000010001001110
00000000001101001000
00000000010100010011
00000000010001100000
00000000010000011111
00000000001011010011
00000000010011000100
00000000010000001010
00000000010000011100
00000000001010110001
00000000001101000001
00000000001100101011
00000000010101101000
00000000010001100111
00000000001111101010
00000000010111001101
00000000010011110100
00000000001100101000
00000000010001110000
00000000010010011011
00000000010011011000
00000000010000001000
00000000001111110000
00000000001110011000
00000000010010011111
00000000001101000101
00000000001110010010
00000000010100110100
00000000001111010111
00000000001100111010
00000000001101111100
00000000001000101111
00000000010010001111
00000000010011000001
00000000001111111010
00000000001100000100
00000000010000111110
00000000000111101000
00000000001010001011
00000000001100011001
00000000010010101001
00000000010110000101
00000000010011101000
00000000001110111000
00000000001110100100
00000000010110001000
00000000010011011100
00000000010111100010
00000000001000110100
00000000010000001100
00000000001101001111
00000000001110110110
00000000010101011001
00000000001101100101
00000000010001011011
00000000001111111011
00000000001111010010
00000000010101001001
00000000010101110000
00000000001111110101
00000000010100000100
00000000010001010110
00000000010000111110
00000000010011001100
00000000001110101010
00000000001010100110
00000000001110001101
00000000010001111111
00000000001111100000
00000000010001101110
00000000001011101111
00000000010000111111
00000000010010011000
00000000010011000100
00000000010110101111
00000000001111011010
00000000010100101011
00000000001111011110
00000000001110110010
00000000010011110100
00000000010110010101
00000000010000001110
00000000001110010010
00000000001111101100
00000000001110100000
00000000001110000011
00000000010100010111
00000000001111101010
00000000010100000110
00000000011001001001
00000000010100110110
00000000010011001110
00000000001100111001
00000000001000011011
00000000001001001100
00000000001100011000
00000000010001101001
00000000001101110001
00000000001001011001
00000000010001011010
00000000010011011001
00000000001110111000
00000000010001001000
00000000010001010110
00000000010000100110
00000000010010101001
00000000010100000011
00000000001101111111
00000000010010100000
00000000010001010010
00000000010010011000
00000000010011000110
00000000010101010100
00000000010111100010
00000000010001111101
00000000010100011101
00000000010101100001
00000000010000011110
00000000010001011111
00000000001111011111
00000000010011111001
00000000001001011010
00000000001001110110
00000000001100001001
00000000010011101111
00000000010001011110
00000000001111001111
00000000001110111000
00000000010011110101
00000000010001000110
00000000010111001100
00000000001101011010
00000000010010000100
00000000010110000110
00000000010110111110
00000000010100111110
00000000010001100000
00000000010100100010
00000000010010010101
00000000010010110110
00000000010011100011
00000000001110100101
00000000001111100011
00000000010010110111
00000000010101100001
00000000010001000001
00000000010100001100
00000000010010111111
00000000010011111000
00000000001010110000
00000000001011101110
00000000010000111001
00000000010101001010
00000000010110001000
00000000001100100001
00000000010000110101
00000000001111000010
00000000001101000001
00000000010001101100
00000000010100010011
00000000010010001010
00000000001111111010
00000000010010000100
00000000010001000100
00000000001100110011
00000000010010110111
00000000010000001010
00000000010001101000
00000000010010001101
00000000010010110101
00000000010001000001
00000000011000100101
00000000010100010111
00000000001110110100
00000000001100110110
00000000010000010000
00000000010100100000
00000000000101111101
00000000001111011011
00000000010000010000
00000000001111001110
00000000001100011011
00000000010010101000
00000000010001010000
00000000001010011100
00000000001101101000
00000000010010011000
00000000010110000001
00000000010010100011
00000000001001110110
00000000001110010100
00000000010010111001
00000000010011001000
00000000010011001101
00000000010000001001
00000000001111000101
00000000010101000001
00000000011000110110
00000000010001100011
00000000001110001010
00000000001111110110
00000000010101000111
00000000010100011000
00000000010110100011
00000000001111000110
00000000010001001100
00000000001100001000
00000000010100001111
00000000001101010001
00000000010111011010
00000000010000111010
00000000001100100001
00000000001101001101
00000000010001001101
00000000001111100101
00000000010100101100
00000000001101101101
00000000010100000001
00000000010000010101
00000000010110100011
00000000001100101101
00000000011000100101
00000000001101100111
00000000010100111111
00000000001011110100
00000000010100011001
00000000001101111101
00000000010001010110
00000000010111101001
00000000001111010010
00000000010010110111
00000000001110100011
00000000010001001110
00000000001100000010
00000000001100010011
00000000001111111100
00000000010010100011
00000000001011101111
00000000010010011000
00000000010000101011
00000000001111011001
00000000010100000011
00000000010011110001
00000000001101101101
00000000010001111010
00000000010100010010
00000000011000000101
00000000010010000010
00000000010000110111
00000000001110010000
00000000010100000110
00000000010100101010
00000000010110000000
00000000010011101011
00000000010100001101
00000000001111110101
00000000010000000101
00000000010101000110
00000000001100011101
00000000010011110110
00000000010010100111
00000000010010101000
00000000001100010000
00000000010010110100
00000000001101001000
00000000010011000110
00000000011000101000
00000000010111001010
00000000010001000011
00000000010101101100
00000000001110001110
00000000001100110000
00000000001010100011
00000000010001010110
00000000001000010011
00000000010000011110
00000000010100111001
00000000001011010111
00000000011000110010
00000000001111000010
00000000010010000011
00000000010111101110
00000000010011101111
00000000010001101001
00000000010000100111
00000000010011001011
00000000010100111111
00000000001000001101
00000000010011111100
00000000001001001101
00000000010000011110
00000000010001010101
00000000010110011010
00000000001110110111
00000000010110010001
00000000010011111010
00000000001111101101
00000000010101101010
00000000010100010100
00000000010011110000
00000000001110100111
00000000001100101000
00000000001110101000
00000000010000101100
00000000010101110111
00000000010001111010
00000000001111110010
00000000010101001100
00000000001010000010
00000000010001000111
00000000001100001101
00000000011001010011
00000000001110101101
00000000010101100000
00000000010000001011
00000000010000000110
00000000001110011001
00000000010000011001
00000000001011011001
00000000001111100110
00000000010001110000
00000000001101110001
00000000010011100011
00000000010010000100
00000000001101010111
00000000001110110100
00000000001111110100
00000000001010010110
00000000001101000111
00000000010001101011
00000000001111111000
00000000001111001000
00000000001111110011
00000000010010011011
00000000001111110010
00000000001011110111
00000000001010111001
00000000010010010101
00000000001110101010
00000000001111100001
00000000010100010101
00000000001101110111
00000000010011011010
00000000010001011001
00000000010001100011
00000000001011100110
00000000001000110100
00000000001000100010
00000000000111010010
00000000010000100010
00000000001010000000
00000000001111000111
00000000001001010011
00000000000111111100
00000000010000110000
00000000001000100010
00000000001110111011
00000000001101111101
00000000001010001001
00000000001110110000
00000000001001001000
00000000001111100000
00000000010001011001
00000000001110001011
00000000010011111101
00000000001001111111
00000000010000000111
00000000001110011011
00000000001001001101
00000000001101100101
00000000001101111011
00000000000100100101
00000000001101001011
00000000000100001010
00000000000111101000
00000000001100000110
00000000001001001101
00000000001100011001
00000000000111100001
00000000001011011110
00000000001110001111
00000000001100001000
00000000000101010010
00000000001001001101
00000000001101101000
00000000001011011101
00000000001011100001
00000000001011101110
00000000001011001011
00000000001001001111
00000000001001010001
00000000001100010100
00000000001010010101
00000000001011000101
00000000001010110101
00000000001011100100
00000000001011110001
00000000010000000100
00000000010000000101
00000000001000001111
00000000001111001101
00000000001000100000
00000000001001001001
00000000010001100001
00000000001100111111
00000000001101100001
00000000010000110101
00000000010000101101
00000000010011110111
00000000010101001001
00000000010100001111
00000000010011010000
00000000001110001111
00000000001110011101
00000000010101010000
00000000010111100000
00000000010001010011
00000000010100001101
00000000010100011011
00000000001111111111
00000000010111110010
00000000001111110101
00000000001110100010
00000000010001011011
00000000010010100010
00000000010011011101
00000000010001010111
00000000010000010100
00000000011000110111
00000000001011111101
00000000001101110000
00000000010110100110
00000000010010010010
00000000010100000000
00000000010100100100
00000000010011000110
00000000010101010011
00000000010000110111
00000000010001111001
00000000010010011011
00000000001111100001
00000000001111111111
00000000010100001110
00000000010000001110
00000000010110010110
00000000010010100110
00000000010001011011
00000000010000101010
00000000010110001111
00000000010010010000
00000000010010100001
00000000001010111101
00000000010000100011
00000000001101100001
00000000011000100101
00000000010000000110
00000000010010101110
00000000001100010111
00000000001011010011
00000000010000000011
00000000010110010100
00000000010000010001
00000000010011001010
00000000010000100010
00000000010010010001
00000000011001011100
00000000001101111101
00000000010100001010
00000000010101011111
00000000010110111101
00000000011000110010
00000000010001011111
00000000001100101001
00000000001111111011
00000000010011100101
00000000010111001100
00000000001111110011
00000000010001110110
00000000010110101000
00000000001011110111
00000000001111011001
00000000010100011000
00000000010100011111
00000000010000001011
00000000011000100010
00000000001101010010
00000000001010000111
00000000001100101011
00000000001101001110
00000000010110100010
00000000010101010000
00000000010110101010
00000000010010011100
00000000001111001101
00000000010101111010
00000000001101100111
00000000010011100010
00000000001010111100
00000000010100101000
00000000001111111101
00000000010010110110
00000000010101100011
00000000001110111000
00000000001110001010
00000000010100000001
00000000010100101000
00000000010100101011
00000000001111110011
00000000010111111100
00000000001101010010
00000000010101001001
00000000001111110000
00000000001111011000
00000000001001011001
00000000010001011000
00000000001100011001
00000000001111011110
00000000010010110100
00000000010110101011
00000000010000010100
00000000001100000100
00000000001011001001
00000000011000101111
00000000010101001111
00000000010100100001
00000000001011111000
00000000010011001010
00000000001110000001
00000000010000100011
00000000010011100000
00000000001110000101
00000000001101110010
00000000010011001010
00000000010010001111
00000000010101001011
00000000010001010011
00000000010001110001
00000000010100010011
00000000011011000001
00000000010011001011
00000000010100100001
00000000001100100000
00000000001010001101
00000000010001000111
00000000010101000000
00000000001100010010
00000000010101001010
00000000001011100000
00000000010101000101
00000000001110100000
00000000001100011000
00000000010100000000
00000000010010000011
00000000010011001111
00000000001111011101
00000000011000011001
00000000001110001101
00000000011001010000
00000000010011111000
00000000010110000111
00000000001111101011
00000000010011001000
00000000001011010001
00000000001111011011
00000000010000101000
00000000010010110110
00000000010000000000
00000000010101011100
00000000001110000111
00000000001111101110
00000000001011101011
00000000010010100100
00000000010001000010
00000000010010010000
00000000001111001111
00000000010011010111
00000000010111111100
00000000001111001001
00000000010010011000
00000000010011011011
00000000001111000100
00000000001111110001
00000000001101000001
00000000010100010000
00000000001110100100
00000000001111000100
00000000010111110101
00000000010110001110
00000000010010101011
00000000010011111101
00000000010011100010
00000000010111000100
00000000001111101010
00000000001111001111
00000000001011111111
00000000010100010100
00000000010001110101
00000000001101111001
00000000001110100100
00000000010000100001
00000000010010110011
00000000010010000010
00000000001011110011
00000000001111010001
00000000010011000100
00000000001111111000
00000000010101011000
00000000010010100100
00000000011000010100
00000000010010101000
00000000010100110010
00000000011000100101
00000000010011100101
00000000010011111001
00000000010011111111
00000000010000110100
00000000001010011110
00000000010100001101
00000000010101001000
00000000001101001110
00000000010100000111
00000000001101011011
00000000010000000010
00000000010000100001
00000000001111000110
00000000001001011010
00000000001010100100
00000000010101010111
00000000010101011100
00000000010011010001
00000000011000000001
00000000010110000101
00000000010011100001
00000000010001111100
00000000001111010001
00000000001100101010
00000000010000100010
00000000010100110101
00000000010100011010
00000000010000111100
00000000010100010001
00000000010001111100
00000000010000000101
00000000001101101000
00000000001101000011
00000000010000001010
00000000001101110010
00000000010110111101
00000000010001001000
00000000001101111101
00000000010110011010
00000000001111100101
00000000010000111100
00000000001101011000
00000000001011100000
00000000001111010101
00000000010010100010
00000000010010000001
00000000001111001110
00000000010011111000
00000000001110110000
00000000001101001001
00000000010110010111
00000000001111001000
00000000001101111110
00000000001100001110
00000000010010101100
00000000001101100111
00000000001111001100
00000000011011011001
00000000010010110111
00000000001110010000
00000000001101100100
00000000010010000011
00000000010100000100
00000000010010001000
00000000011000101110
00000000010110001101
00000000001100110010
00000000010110001101
00000000010101110100
00000000001011101111
00000000010000101001
00000000010101110000
00000000010001010000
00000000010111010010
00000000010011110011
00000000001101101001
00000000010001011011
00000000010010100011
00000000010100111111
00000000010011110001
00000000010001011011
00000000010110001100
00000000010001101100
00000000001111101100
00000000010110101010
00000000001111110000
00000000010000011000
00000000010011010101
00000000010100100000
00000000010011111100
00000000010011001010
00000000001101011010
00000000010100100111
00000000010111110001
00000000001110000110
00000000010100001000
00000000010010111010
00000000001011000111
00000000001001111100
00000000001011001001
00000000010010110101
00000000010111011011
00000000010000110101
00000000010011011111
00000000011000101001
00000000010000000100
00000000001010100011
00000000010000110010
00000000010001000000
00000000001110110100
00000000010010001111
00000000001111010111
00000000010000110010
00000000001111001111
00000000010000001110
00000000010001010101
00000000010111100110
00000000010101101011
00000000011010011000
00000000010001101011
00000000010011010001
00000000010110111110
00000000010010101110
00000000001011010011
00000000001111110001
00000000001000010101
00000000001110101111
00000000010001011101
00000000001111100101
00000000010101100100
00000000010001100111
00000000011000111111
00000000010100000100
00000000001110001011
00000000001110011011
00000000010100011010
00000000010010010010
00000000010001110111
00000000001110011011
00000000010001000111
00000000010000101001
00000000010010010101
00000000010000101001
00000000001100000110
00000000010001100011
00000000010111100101
00000000011001000110
00000000001111000011
00000000001111101000
00000000001110000011
00000000010010111010
00000000010010001101
00000000001111010011
00000000001000011110
00000000001111011111
00000000010111011110
00000000010010001110
00000000010101000010
00000000001011111110
00000000010000100100
00000000010010101100
00000000001001111110
00000000010011001011
00000000010011111100
00000000011000001001
00000000001111101000
00000000001000010101
00000000001011011001
00000000010011100001
00000000010100011010
00000000001100001010
00000000001110101110
00000000010010010010
00000000010010111111
00000000001111010111
00000000010011001111
00000000001100011000
00000000010001110010
00000000010011110110
00000000010110011100
00000000001101001001
00000000001100000000
00000000001101101111
00000000011000101001
00000000001010101010
00000000001011011001
00000000010111000011
00000000010100011001
00000000010010000001
00000000010100110101
00000000001100100011
00000000010110001110
00000000010100010001
00000000010000011110
00000000010010000100
00000000010001101101
00000000001101110101
00000000001110110100
00000000010000101000
00000000001111101100
00000000010100111000
00000000011001101111
00000000001100011000
00000000001100101011
00000000010111000011
00000000010011011101
00000000001111010101
00000000001111001111
00000000010000101101
00000000000111010100
00000000001011000001
00000000010011000000
00000000010010000000
00000000001011101110
00000000010001000001
00000000011000000001
00000000010011010011
00000000001010000110
00000000010101000000
00000000010000110111
00000000001110101110
00000000010111010001
00000000010101111100
00000000010010111100
00000000010000110101
00000000010010010110
00000000010000101000
00000000010100110001
00000000010011110000
00000000010001011000
00000000001101110010
00000000010011110001
00000000010111001011
00000000010100101010
00000000001110111111
00000000010000010111
00000000010110011111
00000000001010101010
00000000000111010110
00000000001100111000
00000000001101100010
00000000010011101010
00000000010101000000
00000000001101100001
00000000010100110101
00000000010101100100
00000000010001010011
00000000001010000010
00000000010000001000
00000000011011000110
00000000001110000100
00000000010100010010
00000000010101000000
00000000010000010011
00000000010011010101
00000000010010110010
00000000010100110000
00000000010010110111
00000000001111100101
00000000010010100000
00000000010010111100
00000000010101001111
00000000001011110111
00000000011000110000
00000000011001100000
00000000001101100000
00000000001011010011
00000000001010001001
00000000010011010110
00000000010101101101
00000000001110100100
00000000001110010000
00000000001101110111
00000000001100100011
00000000001100000000
00000000010011000010
00000000001101110111
00000000001010100100
00000000010010001001
00000000010101110100
00000000010001100001
00000000001100110110
00000000010011100110
00000000001100111001
00000000001110101001
00000000010101011010
00000000010010111110
00000000001110110000
00000000010001110010
00000000010010000001
00000000010100001100
00000000010100000100
00000000010010110000
00000000001100100101
00000000001000101111
00000000010010001100
00000000001111100001
00000000010111000001
00000000010100000001
00000000010011011011
00000000001111101011
00000000001111001011
00000000010001100100
00000000001111110100
00000000011000110110
00000000010100111000
00000000010101101100
00000000010011110010
00000000010111110100
00000000010000100110
00000000001111111010
00000000010011011100
00000000011001011010
00000000001001101010
00000000000110010100
00000000010111000101
00000000010001000111
00000000010100010010
00000000010011111101
00000000001110011010
00000000010000110100
00000000001000000011
00000000010001000000
00000000001111111110
00000000010000101110
00000000001100011110
00000000001111010011
00000000010110010110
00000000010010111100
00000000010101100111
00000000010001011001
00000000010111000100
00000000010101010111
00000000001111001111
00000000010001111111
00000000001100010000
00000000001101101010
00000000010000100100
00000000010010000010
00000000010000011110
00000000010011100111
00000000010110001101
00000000001111111001
00000000001011010000
00000000001110000011
00000000000111110000
00000000001101101000
00000000010011011000
00000000011001110100
00000000001010110011
00000000010000101011
00000000010011010110
00000000010000010101
00000000010010100110
00000000010010100000
00000000001100101111
00000000010001001011
00000000010010110010
00000000010010010001
00000000010000101101
00000000010100001100
00000000010001001010
00000000001100110000
00000000011000110101
00000000010001101010
00000000010010111100
00000000011001101011
00000000001110111000
00000000010010010001
00000000010001000100
00000000010100111000
00000000010101001101
00000000010110010111
00000000001101110110
00000000010011001100
00000000010110010100
00000000010001101011
00000000001101110000
00000000001011001110
00000000010011000110
00000000010100100111
00000000010000001111
00000000010101111101
00000000010101011110
00000000010110011100
00000000010110001010
00000000010011101001
00000000011010001111
00000000011011101111
00000000010010101011
00000000010100100010
00000000010000101011
00000000001111100001
00000000010100001101
00000000010010100001
00000000011000011110
00000000010011001110
00000000001111111101
00000000010101000011
00000000010000010001
00000000010000010110
00000000001111101101
00000000010011110010
00000000010101010001
00000000010011000101
00000000001011100001
00000000000111100000
00000000010100100101
00000000001101011010
00000000010001111000
00000000010001101111
00000000010010101100
00000000001100101111
00000000000111111010
00000000010100000010
00000000010101111101
00000000010100101000
00000000010110101100
00000000001110011001
00000000001111011000
00000000010101101100
00000000001010101111
00000000011010001110
00000000010010110110
00000000001101100111
00000000010100101100
00000000010101100010
00000000001110110010
00000000001111100110
00000000010111011000
00000000010010110110
00000000010101101011
00000000010011110011
00000000001100011101
00000000001100001111
00000000001111000000
00000000001111100001
00000000001011101101
00000000010100000010
00000000010011111101
00000000001011100011
00000000010010101011
00000000010111110011
00000000001101111111
00000000010100100001
00000000010000011101
00000000010010000011
00000000001101011000
00000000010001111100
00000000010111001010
00000000010101000000
00000000010111001100
00000000010000100111
00000000010011001010
00000000001111000010
00000000001111100001
00000000011000111111
00000000010001110000
00000000010010011010
00000000010001111110
00000000010110011010
00000000010000010111
00000000000111000111
00000000010000001010
00000000001000000010
00000000010000110000
00000000011000011101
00000000010001010111
00000000011001100011
00000000010001100110
00000000010001110100
00000000010000000001
00000000010111101110
00000000010010100110
00000000001111010000
00000000010001000111
00000000010100111011
00000000010011101111
00000000001110111011
00000000010000101010
00000000010100110011
00000000011001110101
00000000010000010111
00000000010010111001
00000000010011010010
00000000010110001101
00000000010100101000
00000000010100000101
00000000010000000101
00000000001000011001
00000000000111111000
00000000010011001100
00000000010100010000
00000000001010010111
00000000010110001100
00000000010011001101
00000000001100001011
00000000010100100010
00000000010001100000
00000000010101010011
00000000010000100010
00000000010010110101
00000000001100111100
00000000010111011010
00000000010001101100
00000000010010011100
00000000010111101001
00000000010000011100
00000000001110110011
00000000010010001010
00000000010001101110
00000000010001101000
00000000010010100100
00000000010001111001
00000000010000011001
00000000010001100000
00000000010100001100
00000000000111001010
00000000000011001011
00000000001101001001
00000000000110001011
00000000010000110001
00000000010000010110
00000000001010110010
00000000001101110010
00000000001111010000
00000000001011010100
00000000010010001011
00000000001111101100
00000000001010110111
00000000001011011010
00000000001100001010
00000000001100011110
00000000001101110010
00000000001101100101
00000000001000110010
00000000001010100011
00000000001100110011
00000000001110001110
00000000000111101001
00000000001100100111
00000000001100100101
00000000010000110110
00000000000110100011
00000000001101110111
00000000000110101001
