00010101000010000111
00010001100111100110
00010101011101100001
00100000000010010101
00100010100011100000
00100010010100010011
00100001001000110000
00011011101100011100
00011010100000110110
00010111000111011011
00010001001000011110
00010010010111111001
00010011110111100001
00010100110101001001
00011001000110011100
00100000111101000100
00011101111100111000
00011100110110111110
00011000011010101001
00010101111101000011
00100110100111010101
00100010101010011010
00011110100010001001
00110000001001011001
00100110111000000000
00011100010111111110
00011100101010101000
00001110010000101001
00011111000100001010
00011101011111100010
00100000001000011000
00101010101110011111
00101110001110000101
00101101101100010000
00101101001111100101
00101110011011011010
00100110111100100110
00011110100101110101
00011000000101110001
00011011001001101110
00100100100110011001
00100101010011001000
00110000001000110010
00101011001010011111
00110001011001100011
00110010000010010111
00100111111000001111
00110001011010010010
00110101011110110100
00101111000001101100
00101111110000011101
00110111110010111100
00110010001010010101
00100100110111010101
00101000011000011110
00011101111011101001
00011011000100011011
00100100011001010101
00100000101101011000
00101100111100000110
00110010010111111001
00110001000110001000
00110110011000111001
00110000100001101001
00101011010110110110
00011110010000111001
00010111011011000101
00011110101100101000
00101001100111010110
00111001110000110100
00110001101001001111
00100111111110101100
00110000001001000111
00111000110100101010
00111010011110010011
00111001110111000101
00110000101011110001
00101100001100010100
00101101100001001000
00110000100110011101
00110110101010010010
00101111110010100001
00101011111100111011
00011110100101000011
00101010001101010100
00101010111000110001
00101100010100111101
00101001101011000011
00101100111111011100
00101010010010110000
00101011010110001000
00110011001111011010
00110000000000100100
00100010111111010010
00011110000101110011
00101001100110011010
00101110000011011100
00111001001011100011
00111001110010111011
00101011110101100110
00100111101101110111
00110010110100011010
01000000111011100011
01000000000010100110
00101100100010000011
00101111111110101101
00101101000010010001
00101111100111110111
00110100010100010110
00110100000010011100
00101111011111100101
00011101010011110000
00100110010101000001
00101011000010110100
00101001001101001010
00101001001110111100
00100100111011100111
00101010011010001011
00101111000010000001
00110110111001011000
00110110100011100101
00100011000001000011
00100000110000101000
00101001101010110011
00110000101001000000
00101100110110101001
00101100000000101011
00100111101110111110
00101100001100001111
00111010011000111100
01000101011101010010
01000000111110000000
00110111001101111011
00111000110001011001
00110000100101000101
00110011001111101101
00111101011011010010
01000010101100110111
00110101101101110000
00010111011100110110
00101001101010010111
00101111100111110001
00101101000101111001
00100011100001000011
00101000010010000011
00100000010011011011
00101111011001101001
00110110101111100111
00110010110100011010
00100000100000101101
00100000111100100100
00101100111101011111
00101110111100101000
00101101110000100011
00101000111100011010
00101011111011100001
00101100111110101010
00110111000010110001
00111111001110100100
00111011000110000011
00110111000010101101
00111001111110100110
00111000001010011001
00110011101101001011
00110011101010111111
01000000000101111010
00111100010011110011
00011110000001011011
00101001110100011111
00110101010000110000
00101011011010011110
00100111001100000010
00100110000010111010
00011111101000100000
00101100010101010011
00111011010110111001
00110011111111111111
00101000001001001110
00100111001100100101
00110010000110001001
00111010011111110101
00101111101001000001
00101011101010010111
00011111101010011010
00100111100101101001
00111110010001101111
01000001111111000000
00110100111111100100
00110001010001111010
00111100010001010110
00111100110111011010
00111001010111110110
00110100011000111111
01000000100011001101
00111000011110110001
00100010000001111011
00101111110101101101
00110010001100110111
00101100100000001011
00110001000001001000
00110011001001000101
00101111000000000010
00110110111100111000
00111110011110100000
00111101101010001000
00101101000000000001
00101001110011111110
00110000001101101111
00110001111110100000
00110011101000001100
00110010001111110011
00101111100100111001
00101110111000001001
00110010010110010011
00110001110011111111
00101011000110100011
00101101111110110010
00110011111001100011
00110101000010011001
00110011110000100010
00111111111110001010
00111100001100101101
00110111110001001001
00100101010110010010
00101101111001111101
00101111011010111010
00100110101101010111
00100010111100111110
00101010010110111110
00101001011101100100
00110111100110101011
01000000001011110001
00111010010010001001
00101100011011111011
00110000100110000111
00110010010100111110
00101110111111000011
00110010000101101011
00110111011111111101
00101011101101001111
00100101110011001011
00101001000010001000
00101100001010100011
00101101011111100000
00101111110100011001
00110011001111110011
00110001101001101101
00110000111111001010
01000001000011110100
00110101100011100110
00101011011111001100
00010111011001111100
00101000110111000100
00101000001011010110
00011001111010000111
00011010001011110101
00100111101101010011
00101110011101100110
00110000111000100111
00110101100100100111
00100111010111111101
00100110010101011011
00101001011011110110
00100100001100001010
00011000001110110011
00100001001100110010
00110100010111110001
00111011100100101111
00110111010111001000
00101011100011110011
00100110101100111100
00110010111001110011
00101011011101001001
00110000000000001110
00101110001101011000
00101111001011001110
00110011011000101110
00101111000011001010
00100001111111111111
00001111110110011010
00101100101001000000
00100110110001111011
00100101100000011000
00100000000000001100
00100110001110001010
00100110100100101110
00100111100001010011
00011111011000111001
00011011010011111101
00100010100111001110
00101010001110100111
00101001001101110011
00101101111101011110
00101110110010100111
00110001100110000110
00110100111100001110
00110001001111101010
00011110010111011111
00100111001101101110
00111011111110000100
00111010000000010001
00110001000111011010
00111000010011101001
00110001110101000001
00100111110011110100
00100100010000011000
00011011101011000000
00010101111001110100
00100111000001110000
00100100100011100001
00101000111100110001
00100111011100100000
00100011000110000111
00100011010000110110
00100100000111001110
00011110101110001100
00100011011000010010
00101011010111011001
00101111001101011111
00110100000011000000
00101110000001011110
00101010010000110011
00100001001011101100
00101010100011101001
00101110100101100000
00100000010101100110
00101101111011111000
01000010100010110101
00111011110011010100
00110000110000010110
00110010011001100101
00110111011111111101
00110100000001110010
00100011110100111101
00100011010101000000
00010111011110110110
00100011011010010011
00101011011100000111
00101011110010111010
00100000100011000111
00011001111010110111
00100011100100111110
00101110010001011010
00100101101000011010
00100011011001011001
00101001010100111010
00110100010101000010
01000001101111000111
00111101000111101110
00110010011110110100
00011110001010000001
00011101110101010011
00100000101111000011
00100000001110010110
00101101101000110101
01001010001101100101
01000000101000101010
00101011011001000001
00101100010010000010
00110100011011001001
00110101000101110101
00101001010110101011
00101010111011111011
00011011111011101100
00100011100010010001
00101000111101100101
00011110011110010110
00010010011110001001
00010000100010001010
00100010100111001010
00110011101100000101
00101010111111001001
00100111010101110000
00101110000100010110
00101110100011001010
00101111011100011000
00110111000101011011
00101100100111101111
00011110011010101000
00010110010011000001
00011101100111111110
00100010001110001110
00100101001010010000
00111001101000100001
00110001110101011111
00100101100100011110
00101001001000001011
00101110001011100111
00101000010110010011
00110000111101010100
00110010011000010010
00011010011010110101
00110000111101000000
00110001000100110000
00101011101000011000
00100101110011000001
00011100100011111010
00101010100101001001
00110100000101110010
00101011001111011011
00101001110100111111
00110110101100011001
00110011101011101110
00110101000011110011
00110101111110011111
00111000011011100000
00101101110010011110
00011110111001010011
00011100011010011001
00011011011001111010
00100010101011011001
00101000110000101111
00101011111000011100
00110000101011010100
00110011010101001010
00110011001010110100
00101001001010101100
00101011100111101101
00101111000010001110
00011001111001011011
00110111001111000010
00110010111100101011
00101001010001101110
00101010000001001001
00100111001101110111
00100001111000000111
00100110101000101111
00100111010010101011
00110010101000000111
00110111110011101011
00111100100000111000
00110111010001111111
00101101100101011100
00101010010100111001
00101100100001101110
00100001111100010100
00011001111000001110
00011011100111001001
00100000000101001101
00100101101101110111
00110001100100001100
00110100100001111110
00111111010011010101
01000001100000111010
00110011111101000000
00101000111111110000
00101100001100001100
00011111111111101111
00100110101000010010
00110110100010010011
00110000001101101110
00110000011000001100
00101111001001111100
00101000011111110010
00100011010000000111
00101101000011000010
00111100000001000010
00111111011101001011
01000001000000011111
00111001101111101011
00101110001011011000
00101000011001111000
00101111001110101000
00100110100001100010
00100100001111011100
00100100100001110010
00011110000011110010
00110000101000000000
00110100001010111100
00111001101001100111
00111101111011110010
01000110001001111111
00111101111010010110
00110110100000111110
00101111000011110011
00011001011110011011
00011101101111000000
00110011100011111101
00110111000010000101
00101101000110001001
00110010100100001001
00101111110101101110
00101000111100011100
00110101000011101111
00110111100000111100
00111001001101100101
00110010101000000010
00110001101010110111
00101110100000101010
00101100101100110001
00101010010001110111
00100000111010100001
00100101101101001011
00100000111101100010
00011101101011001101
00110001101000000011
00111011001101011111
00111011101001010001
00111000111010000011
00110110010100011111
00110011010111000000
00110011000110001101
00101100111111101000
00010110110110101011
00100001110100000001
00110111000101110011
00111110001000111100
01000000001101111100
00111010000101111001
00111101001001000111
00111101001101100010
01000100010011000101
01000000101000010010
00111001101111011010
00110000100010001101
00101000100101010001
00101100111010011110
00110011111100110000
00110011101100011100
00110000100110100111
00101001101000101110
00100010100101000000
00101000010011100010
00101110101001100011
00110001111111100010
00110100101111000001
00100110001100010000
00101011011111101001
00101100100110100110
00101110001101101001
00101011101100100010
00010110001111011101
00101001110110110110
00110011000011011010
01000000011010110101
01000111001110001101
01000000110101101011
00110011111001001001
00111100111010010111
01000100110011100100
00111010000100011111
00101111000101010001
00101111001001000101
00110000110100011111
00110000100011010000
00110010110001111010
00110010010111100000
00111100000000011010
00101110111001000001
00101001010010100010
00101011101110010101
00101000110011110111
00101010011100111110
00101010100110111000
00011101010110111011
00011111001000011011
00100010111111100001
00100100011110001101
00011110110011100110
00010101010101001010
00100111110111110001
00110111000010111110
00111101101000111000
01000001110011110101
00111000010101110011
00100100011100011101
00100110010001000111
00110001110011010010
00101011110011010001
00101111100101001011
00101111111001000101
00101010100011011110
00100100110000101001
00100000111101001011
00100110101110110000
00110110000000101110
00110100101110101111
00101010011110101001
00101011100000101111
00110100110111010101
00101101010000000000
00100101010111101010
00010110000010001110
00100001110000010000
00110000011001100000
00110100100101000000
00101010010110001100
00010101100011110001
00011110010111100001
00110011011100100110
00110011011110110101
00111010100011000000
00110010110011001100
00100101000000011011
00100010011001101011
00100001010000100000
00100101010110001111
00100101000001101100
00101000010011010000
00100001000011110000
00011110111010110011
00011010101001001101
00100010001010111111
00101101101001010101
00101011000111001110
00100101000001001111
00101010001110110100
00110000001011010001
00101010110000111111
00011011110101110010
00011001011001010000
00100100111010001001
00110110001100000111
00110101010111000101
00101000101010011101
00010100111110011011
00011110100101011100
00110110111000101101
00111100101011110011
00110111111100001110
00101101011001110110
00100011000001000110
00101000001101001110
00011110100011111001
00011100000000000000
00100011100001110000
00100101101101010011
00101011011010011100
00011011001010101110
00011010110010001110
00100010011011001111
00011111010110010101
00010111010011001001
00100011000010110000
00110011101110011101
00110100000110001111
00110101000101001011
00101010111000110111
00101001010011011101
00110011010010101110
00110011100100001110
00111001000010111001
00110011101000101110
00100011110110010100
00100000011000100110
00101100111000010100
00101110001101110001
00101000010011101000
00100100000001111100
00100000011010101010
00101110000111100010
00101111011011010100
00101000100011101000
00101101110101001011
00110101000000010001
00110000011111101011
00100011011011000101
00100011010100111001
00101010111001110100
00100111001000100110
00011100011000010111
00100100001010000000
00110111100101011010
00111001011010001010
00110101101101000110
00101010110110100010
00100111011011010000
00101110000011100101
00101101101011101111
00101010010110110110
00101101111100000110
00010111010101110000
00100001010010111101
00101101101001011100
00101100110001001010
00100110001001101110
00011000011111100100
00010101110110101010
00100100001001001101
00110100011111101110
00110000110001010011
00110101000010101101
00111111110000110001
00111111011100001110
00110000101101010011
00101101110001100111
00101110001010111101
00110001100001001000
00101110001110001010
00101110111011110100
00111001100101010011
00111101101110100010
01000000011111001110
00101111000011010101
00101011011101111101
00100111011101101001
00101100010011100001
00110011110010011010
00110001000100110010
00011000001111000011
00101001100001000011
00101110100100010101
00100110110001001001
00011111001101000000
00011000011100000111
00010110000010111100
00100000110001100000
00110010000100010000
00111010000010011101
00110101110100010100
00111111001101110111
00110111111101011011
00101000011000101010
00100100110010111001
00110101100000111111
00110111011100010110
00110100010011001011
00110011010010111100
00101110111000101110
00110010000001110101
00110100111111010100
00101110101111001110
00101100100000111111
00101110011101011110
00110111111010010111
01000010100101000011
00110001010011001100
00010111001000101010
00100111001110100100
00110000000100101011
00101110110100111110
00100011111100110010
00011100110000011101
00010111001110100100
00100001001101001100
00110001001100010001
00111011100000110010
00111001011010110000
00110101010011010101
00110110110000001001
00101001100101011010
00100101001011110100
00101101101100010110
00111100110011000010
00110101101110110101
00110000101010001010
00110000001110100110
00110001110101110011
00101110000011111110
00100010101000100011
00100110000101001110
00101101011110111011
00111000110011101001
00111111111111101000
01000001111110001000
00100100001101100101
00011001000010000100
00100101100101000110
00011100101011101100
00011000101100000100
00010000100000110001
00010110001111111101
00010101101100010111
00100000001000101000
00100010011010111101
00100111101110111101
00100010000111111011
00011110000011101101
00011011000010001001
00010100010111001101
00011010100111111000
00101000110000000101
00100011011100001011
00011010000011000000
00011101001011010110
00011111110001010111
00011100111101101111
00010011101000111101
00011000110111011100
00100011011011100010
00101000011110000001
00101100010011010110
00110001010111011110
00011101010001010111
00010011010101011101
00011100001011001001
00001111110100011111
00010010001110101000
00011001000000110000
00010111111010100110
00011111100000001001
00011000101001010011
00001100000001100101
00010111111011111001
00100010110010100010
00011001101111101011
00010000011000000010
00011000111010001011
00011001001110011001
00010011110010001110
00010111101010000101
00011001001111101111
00010100110110011111
00010011000100101011
00011101010111100010
00010101111000110000
00010010100101001001
00010101000001011011
00011001010111011101
00010110000010101110
00001101000111011111
00010100010010000011
00011110001010111010
00100111100100010010
00011111011111011100
00100111011001100101
00101000110100100100
00100011100010010101
00101011011000111000
00100111110111010111
00011101011001000101
00100001100101101110
00101001000101100100
00100011101100100010
00100100100101111000
00101001111011100100
00100001100111000100
00011100100100000001
00100010001001011000
00100110110011100100
00100101001101010010
00100010011100101010
00100001011101011100
00100110100100011001
00100101001011101110
00100111111000110111
00101011101011100101
00011100100100100010
00010111010100110010
00011111110100110110
00100001011000101101
00101100100110101100
00101110100100011110
00111001011000011101
00101100011100100101
00100010101001101011
00100111101101111110
00100001111010011000
00011111001001110110
00100111011100111100
00100111110010011111
00100001101100011101
00011110110100001011
00011110001110001101
00100010011111110011
00101000111111111001
00100001011010010010
00011111011010011000
00100000110100010111
00100000001010011011
00101001100101011101
00101101100010010001
00101100001101010100
00101101010100100110
00101101011101111010
00100110100001001101
00011011010111111101
00011110001111011100
00011111111000001101
00101101111100011101
00101101010111111111
00110000110110000010
00101011011101010001
00101110011010100011
00110010010110011100
00101011001110111001
00011111011001101000
00100100101011000000
00101001110110111001
00100011010111010000
00011110101010110110
00011010111101000000
00011101111001101111
00100010010000000011
00100001101111011111
00011101011001111011
00011011101000100001
00011010100000111011
00100010001000100001
00101111010111110010
00101010001111111111
00100111100001110111
00101011010100111010
00100100011010101010
00100001111001011000
00100110110010001111
00011010010001001010
00100100010010101000
00100110001100000010
00101101100000001001
00110001110110101111
00110001010000101001
00100111110001110101
00100011101010001010
00100110001011001101
00101101010001001101
00101110101111011010
00011011010011001000
00010010111111001000
00011110011100010111
00110000100100100111
00101010110101011100
00011010110001000111
00011000001001111111
00010011111101001011
00011001111111100111
00101101100011000111
00101111001001111101
00100111101111101011
00100101001101010101
00101010010111101011
00101110000000001000
00101010110000111111
00101011100100011111
00011010010010001000
00100111001000111101
00100110100001001111
00101000010011100000
00101001010010011010
00101100010101101001
00101011001001010101
00011101100001011101
00100000101100000001
00110011111110100000
00110001100100110111
00100011101011100011
00100110111000001100
00110000100011000001
00101010101000100010
00100010111111010001
00100001110010011100
00011101110001011101
00100000111010010011
00100100010000100000
00100110100110101001
00100001111100000101
00100000010011010110
00100101000110010000
00100111100110101010
00101101001100111111
00101111000111100001
00100011000011000001
00010010100010100011
00011110100100111010
00100100000101111101
00101110111011100101
00101010011000001110
00100011011000111110
00100010100101111010
00011111000101100101
00101100100001100001
00110011010111001010
00110000110000000000
00101010001011101000
00110000000100011110
00111100011011110111
00110001001000111111
00101010111100010110
00101001111011000001
00100001100011100010
00100000000111110000
00101011111100001001
00101101010001100101
00100111110100111101
00101101000001101000
00101011111011110110
00101111101100000101
00111001111110110111
00110100000001011001
00100101011110100000
00010011101100110001
00100000010010111110
00100100011100010111
00101010110010101000
00100110010110111101
00101000101111101111
00101110010011101110
00100111101100111000
00110010010010110110
00111010001010101100
00111001011001111100
00110100101101001000
00110010001010000000
00101001110101000001
00100011010111111011
00101011110101111111
00101100111000110110
00100110011100101011
00101110101001100011
00110010000111000010
00101101011111100100
00100101101010011010
00100100111010001000
00101010011000001000
00101100001001001100
00110010000110010100
00110001111010110011
00101001111001001100
00010000101111001000
00011010110110111101
00011101011111000010
00100100001111110101
00101000000100110011
00101110101100000110
00110011010101000101
00110011000100110010
00110100101010100111
00110010111010110101
00110100100111001011
00101101111111100110
00101011001101011010
00101010110101011100
00100111100000111110
00101110000111000111
00101001110011011100
00100001110101101111
00100110111110010111
00110000101010010010
00110001011100001101
00101100000000110110
00101001111011000011
00100100011111001110
00100011000110010100
00100101001110111010
00110001100110001110
00101111101111110001
00010001000111010100
00011010010011101110
00011100010000110000
00100010001011101000
00100011101011000101
00100101100000011000
00101101011010101111
00101100000001010110
00101001010010001000
00101111010110000011
00110011101111001111
00101101101100110100
00101100110010000001
00101001001111101010
00101001010100101000
00101011110000011110
00100100011010010101
00101100110101011100
00110111001000100100
00110001110100100001
00100110111110001110
00100100000111100111
00100110000000101110
00011111111001001001
00010110101110111101
00011010110010111010
00100110100010010011
00100010111101111000
00011001010001010001
00101000110101111111
00100101011010111100
00101000110000101110
00101010101010000111
00100011001000000100
00011111110000011000
00100010110100011001
00100110110010010000
00101001100011000001
00101010100110110101
00110000111001011011
00111010100010011101
00110100011000000100
00110100100101000111
00110110111110000010
00110010001000000110
00101011100101000001
00100010101100010111
00100101101011100111
00100110101110111111
00100010101001000111
00011111101101111100
00011000101011100111
00010101110010100011
00010110011000101111
00011100011110010001
00100001001101111110
00010011101111001011
00100110000101101010
00101011111100110111
00110000100111101011
00110000110101001111
00100100011110111000
00011011000001010101
00010110100000100110
00011011000000011101
00100101000010111001
00101001111110100001
00100111011000010011
00101000011110010011
00100001010100010111
00101000000101110101
00110000101100000010
00101011111011101011
00100110001000101000
00100101100110110010
00100001011110011100
00100001001010000011
00100001011101101100
00010111100010100010
00010110000000010100
00100000110100010000
00100000000100100000
00010111100101010111
00010100010100100111
00011101011111000110
00101101111110010101
00101011100100000011
00110011110000000001
00110101010000101100
00100101011000010010
00011101010010110011
00100010010100010010
00100010000101000100
00100100100011110101
00101101010000000011
00100010100011011111
00011110000011100010
00011111000000001010
00100101100011001010
00101101010110000100
00101000110101000111
00100000101001001011
00011111010111001011
00101010001110111111
00101010010011101110
00011001000101011000
00010010011100111011
00011100010000100101
00100110111101000101
00101011001011100011
00100110111011011100
00011100011111011010
00010000011100101011
00011010001110111100
00100011100110011101
00110100010011010101
00110010101111111111
00100111010011000011
00100010000001010010
00100000100111111000
00100000010001000110
00100011001011011100
00101011101000010111
00011101001100000000
00010110011111111101
00011110011011000001
00100110011001011111
00100010111010010011
00100010101110100000
00101001111010111100
00100100000111011100
00100000000111101100
00100110001110011101
00100001011111000110
00010111000101010111
00101001000011011011
00110100101101111100
00110001101001101001
00101100110001001100
00011111111001011010
00010101010010101011
00100010101101111101
00101101010101011011
00110110100001000000
00101110100001110110
00011111111100000001
00011100110000101000
00100000011100110010
00011001101100111001
00100101011110000000
00110110000111010110
00100111111101010101
00100011101110100111
00110100000100100001
00110000011101010000
00100101011001110001
00101100010001010011
00101100011001001101
00100110100001000111
00101100101100010110
00101011100111101001
00100111110101101001
00100011011011110110
00100100010101000011
00100111110100101011
00101011100000010001
00101000110011010001
00100100111100010111
00010011110110111111
00101010000000011000
00110110111001000101
00111000111111100100
00101010110000001110
00011101111000111111
00011100001101000100
00011000000001011011
00011011110100100010
00101011011100101110
00101111001110001101
00100000110100110110
00100010011111101110
00111000111001111010
00111000100111000100
00101111010111011011
00101010110101011110
00100101101010100010
00100101011110000010
00100111100110010110
00110010001000101110
00101111100101101101
00100110011111101110
00101010111111111000
00100001110110111101
00011011100010110100
00101000100111010011
00101011001011000000
00100011111111010000
00111000011001000111
00111000001000111110
00110101001111101111
00101101011010110011
00100111111010111111
00011001110111001010
00011011101101111011
00101011101110001101
00110001010001001101
00100110110100001010
00011111100100011010
00100110110110000101
00110010101111011101
00110100001100010000
00101100000110000110
00100101100101000010
00100111000101000100
00101100010100001100
00101001000010101010
00110001110111110000
00110001101100011100
00101001001101011001
00101010100000111100
00011010111100111000
00010000111011100110
00011110001110010111
00100011001011000111
00011110100010100000
00110100000111110010
00110010110100011100
00100110111111001100
00100111111001100110
00100100111110101011
00011011000010111011
00100101101101110000
00110011100110111101
00110000001100111100
00101010001001001110
00100001110001000010
00100000011111100010
00101011011011011110
00110110011110000001
00101011100000001000
00100011101011011010
00101111001100110101
00101110011000110100
00100111010111100000
00101000000101001110
00101101000010100011
00110100010001001101
00110010000100101011
00011001101010101011
00010100101101011000
00100110010010010111
00100111000000101010
00011101111100000101
00101111111001101000
00101001100010101011
00100101101000001010
00101110011010110101
00100111111110111101
00100001000110000000
00101111100001111011
00110111011000010111
00110101101100001101
00110001110110101011
00101101101100100011
00101011010110100111
00101111101000011110
00110101001100101010
00101111111100111101
00100110100110100111
00101110111010011100
00101111001010011011
00011111110000001101
00100100101000010110
00110000011010001010
00110000111100110110
00101011110101010010
00011001101011110011
00010011101001101110
00011110010011010000
00011111010100101100
00010001111011011000
00011111101010100100
00100011111110010001
00101000100010111011
00101101100001001001
00100100011011010110
00100011001110100000
00101010010000000010
00100101110011100100
00110010000101101111
00110001011110100110
00100101000011010100
00101001010011010011
00101101110000010000
00101110101111100000
00101011001111010101
00100001110110011001
00101111011100001110
00110000000010010101
00100101111010110111
00110001000110001110
00110001001001010011
00100101100011101000
00011101100011101110
00010010111011000110
00010010011111110111
00011101111011010101
00011100001111011000
00001110001011011111
00011011101000101110
00100000001111100000
00100010000101110010
00101010101101011101
00101010101110111101
00101100010110111110
00110000000001110110
00101101101111001100
00110001011111111000
00101000111110111100
00101000001010011111
00110000010110100110
00110000000001000101
00110010001001000010
00101110101001001000
00101011111011011100
00101101001001001101
00101010011000101100
00101011100101001110
00101110010111010010
00101001110011100001
00011111010011111001
00010110010110100111
00011011010111100100
00011110111110100111
00010111111110001100
00010100110110010100
00001110110001000111
00100010011011110111
00100101101001110001
00100100100110100001
00100111001110101001
00100111000010100001
00101011001010011100
00101011001001101010
00100100111100000111
00101010110101011111
00101001001110011010
00100011001001111101
00101011000000000000
00110001010100001101
00110001000001111001
00110000111010101010
00110001101010100010
00101110100011010101
00101100000110010100
00101100100100010010
00101110000111111111
00100100000010111110
00010010010001000100
00010101110001010000
00100010010101111110
00100101000111110111
00011000011111111111
00001110100100100000
00010010100000000010
00100000001111010001
00100100011011110111
00100001110110001101
00100101111110101000
00101010001110001101
00101010010010100000
00110101010000010001
00111000011111011010
00110110011111001110
00101100110001101110
00101110010111010010
00111010011111011110
00110011110010000011
00101101001110001101
00110111001100101100
00111001010010101001
00110100000110010110
00110011100100110110
00101111010010000001
00101100000101101000
00101000100011100100
00011011111011011101
00011100100100011011
00100101111001010110
00101011111001011111
00011110010111001101
00010000001111010101
00011100100110010101
00110010111110100110
00110100011000111000
00110000001001011111
00101000111111101001
00100110010101111001
00101011001000010111
00101110010111001010
00101011000001001100
00101011111100100011
00101101101011011000
00110010001001110010
00111000101000110011
00110001110100000010
00101101100101100101
00110010100111111110
00110000111110100110
00101101101000011101
00110011000110011110
00101110100010000010
00101111100001110010
00101100100100011011
00100101000100010001
00100011001000001001
00100110110111000010
00101101110010000010
00100010100110000001
00010100011010101111
00010101101000010011
00101011111110000110
00111000010011000110
00111000001101010011
00110001000000011011
00101111001111010010
00110011000010111000
00110111000101100110
00101101010001110011
00101000010000100110
00110000110110110101
00111001111001101100
00111000000001101100
00101010000010001110
00101010101010000010
00101100100101001100
00100111100101101001
00101010010010111010
00110001100000110001
00101010101111011010
00100011101010100100
00100110001101010101
00100011110100001010
00011111100110001011
00100110100110001010
00110100001011111101
00110000001101101110
00100100001101101101
00011010001011101001
00101001101010111110
00110110100111100101
00111011011110011101
00110000111101010000
00101101011101111101
00101101111100011100
00101011111010111100
00011111010000111111
00100011001100010101
00101110100001110101
00101001011011101100
00101010011101000101
00101000001001000110
00101101000001000100
00101010101100000111
00100001000111010011
00011110110101100001
00100100000111000111
00101001101011110111
00100111000101010100
00100110100001001010
00011111100001000111
00100010000001001001
00101100010100001110
00110010111101000001
00111001111100011100
00101111000101000110
00001111001001011100
00011100011101000111
00110000100100110011
01000000010011010111
00101111111111111110
00100100001111011101
00100110111001101110
00100110111101101001
00100000011101010111
00100010111101010000
00101001000101101100
00100110111001001110
00100111101001010010
00101011100011000001
00110110111010000010
00101101000101011110
00100101011001101001
00100101001000000111
00011110011001000111
00011100001111000011
00011001110110010010
00011011111001001010
00011110011111000001
00100011010100011111
00101110001101001010
00111001110111100110
00111111101100110011
00110011010100111010
00000101111111010001
00001101100011001000
00011110111001100000
00100110111000110000
00011000101000100000
00001101111000001010
00001110111001101010
00010000111110001010
00001111111010111010
00010001101110000110
00010010010010100100
00010000100110000110
00010011111100111100
00011010110110110001
00100001101111100000
00011101010110011010
00011000101101110110
00010100101110111110
00010100000100001111
00011001111001000010
00011001101110111011
00010110001001111011
00010101100001100110
00011010100110010111
00100000000100010110
00100100101000100010
00100111100010111111
00011101010010011000
