00001111010111100010
00010111101001000010
00010111111111010011
00010010101000110001
00010010110100101001
00011000111000101011
00011010110101010011
00011010010001011010
00011011110100111111
00011010110110110001
00011001000100000011
00010111011110100110
00011000101011010001
00011000011011011011
00011011000101001111
00011000100010110110
00011011101001010011
00011000101010110010
00011011000011011011
00010000101010110100
00010111001101001101
00001101000111101101
00011000101001101001
00010110010110011001
00011011001000001101
00010111101001101100
00011101000001000111
00001011111101100101
00011001000110110110
00011111111001000001
00100010111110111101
00010111001110111010
00011010111100000000
00011110010110100111
00101000010100010001
00101010110111010000
00101000011111000110
00101011111001011000
00100101001111001100
00101011110000111101
00101011100101010000
00100101001101011100
00101100001101100111
00100000111011011110
00100011000100110001
00100010010111100001
00100010001000111001
00011001100101100110
00011101100111011110
00011110010101100110
00100000110110011101
00101000100100001010
00100111001100010011
00100100000110110111
00100000001011111111
00010100110000101100
00011001000111001111
00100100001100110110
00101001101000001011
00011101101100111011
00011100000011011111
00011110010111001101
00101000000011011110
00101111111101010000
00101010010001011001
00100110010101101100
00101001011000010000
00101011010100110101
00101111011101100100
00101001010101100011
00101010111101001101
00100011111010010111
00100010111011101101
00100011111001001110
00100011111110100010
00100010001001011000
00100100110000001101
00100101010110011011
00100111111010011011
00101101001100001011
00101011101101011110
00100101000010101111
00100011001101010000
00010101011110001101
00010111011000001111
00100000111100100001
00100110101101010111
00011111011010001000
00011001101111010011
00100111110100011010
00101000010100100110
00111011101110111010
00100111010101100111
00101001010011100111
00100000101011010100
00100001011001000111
00101100111001001110
00100000001011010111
00101101001110111101
00101001110101001100
00100110010010100000
00101000001000000100
00100000110001110011
00101010010010010110
00101010000000010011
00101110010100011011
00101110110010011001
00110111100000000001
00100111001000010101
00100111011000010000
00100000100100101100
00010011000010111010
00010110000100011111
00100001100000111111
00100001010000010010
00011101000000010010
00011100101000101000
00011110110011000110
00100000100000010000
00101011111110101110
00100000010010000010
00100111100010111111
00011011001100100101
00100111000010000111
00100100100100001010
00100111000100101010
00101010101101000011
00100101111100110100
00100110100110101010
00100001111010101001
00100111110011011111
00100111100111111111
00101011100011011010
00101010011110110111
00101010111010011001
00101111110011011000
00101110010110011110
00101000010001000011
00100111010101110100
00011001101110110101
00010101111010101000
00011000011011101000
00011101010000010001
00011001100010111010
00011110100100111000
00011101100011100110
00011000100110111001
00011111001101110011
00011110110101000100
00101000010101101111
00100100100011011011
00101110011000110110
00100101110101111001
00101000011010111110
00100011010110110100
00011111101111111001
00011101110101001010
00100100010010100001
00101001110100110001
00101010100001000000
00100110111110001011
00100100111101001111
00101001100001010100
00101010101011011111
00101001100011011000
00101010000101010100
00100110110001000110
00011100110011110110
00010000111001001110
00011010100101000110
00011111100100110010
00100001111011000010
00100110001001100011
00100100111011101011
00011011000011010001
00011100110111111011
00100000010011111010
00100011100101010001
00101011001101000011
00101011100100101101
00100111000000010101
00101000100000001111
00011000110101110010
00010111011011001000
00011000100111101010
00100011010010101100
00100101000110101000
00100110100111001100
00100000100110111101
00100001001101000000
00101010100000000100
00100111100001111111
00100111100011010000
00101000100001100010
00100101100110010010
00011100111000110010
00011001101110101001
00011010000111110100
00011111011010100011
00100101001111111111
00101010011110000011
00110011000011111110
00100101101011110010
00100101010010000111
00011001111100010000
00100101010110110101
00100011110100001010
00100111000001111000
00100100110010001000
00100010010101011110
00100000001100111100
00011111101111000111
00011100110010010111
00011101111011001101
00100010110101100000
00100001001010101000
00100011100000111111
00100011000111001000
00100100110110101111
00101010101001101011
00100011000111010110
00100111011010001111
00101000100111110001
00011000111010001100
00010011100101001001
00011100110010000010
00011100000011111110
00100011010011011110
00101111101001100011
00110011101000000011
00101110111011011010
00100010000100011101
00100010001001111111
00011110111100001100
00100100111010110110
00100010000110000101
00100001000100101000
00100100010001110100
00101010111011111100
00100100000010000001
00011100000011111111
00011001011001110110
00011001011001001100
00011010110100110011
00011011011001000101
00100000111110111010
00100101100100101001
00110010100110101010
00101010011010111110
00101110011001011000
00100010010000110001
00010111100100100001
00010111010010100010
00011000010101000000
00011011010010000101
00011010000001101011
00101011100011100001
00101010111011000001
00100101011100010101
00011111011101000100
00100001010000101111
00011111000001110010
00100101110111010101
00011010000001000010
00100001101101111110
00100111011101100111
00101010100000010010
00101001010101101001
00100010000001001011
00011100000010100101
00011101001001100000
00011100101001000001
00010100001010000011
00011111010111100011
00100101100100101110
00110100110111110101
00110011100010010000
00101100001011110111
00101101101000111000
00010101001100001000
00010001011011001100
00011011101000110101
00011101000101101100
00011011101011000101
00100011110010011111
00100000100111000101
00100010011100001001
00011110001111100111
00100100010111001101
00100011010011100101
00101111010010101000
00100000001011010110
00100010111101100101
00011101011110101000
00100010001110111110
00100100110100111001
00100010000111000101
00100100101001110100
00011011010010010001
00100000101011010010
00010100111100100101
00100001111001001101
00101001010011111000
00101101111001001011
00110000100101101111
00101110101110001010
00101110110111011000
00011011101110110010
00010100101011110010
00100100010011100011
00011100000010011010
00010110111010011110
00011001110010000101
00100010110011100000
00100101001000101101
00100100001111001100
00100100100100101110
00110001010100011111
00110000011100110100
00100111010000010010
00011010010101010010
00100000001010001100
00100101101000001111
00101001001001111110
00100101010011010110
00100001101100111101
00100110010001110111
00011101111100100110
00100010000001000111
00100100011000111110
00100111110000010010
00101011101001111100
00110000010011010110
00110010001001110000
00110100101110010111
00011010111000011010
00010100011110010100
00011111101110001011
00011111101111011110
00011011010110111100
00100011001100111010
00101110101100111100
00101010011101101011
00100110110010010101
00101100101111000010
00101101000101010000
00110100011100011010
00100101001010111111
00011011010001100110
00100011111000101001
00101000001011001110
00101100000001000111
00101100111010100010
00100100101111001111
00101000011111100100
00011011110111101101
00101001111011001111
00100101011010010001
00101001011000001111
00101000010111000101
00101000011000110100
00110100010011101110
00100101100000011100
00010101111010111000
00001111010111001111
00011011111011101001
00011001110111010111
00100010101101001001
00101000111010100010
00101110101101001000
00100111111001011010
00101100000011100010
00100100100100001100
00101101111101110101
00100111011111111110
00100100110111100100
00011111110010001000
00100111010101001100
00100011111110100001
00101100100100100011
00101100000010110010
00100101001000110111
00100001010011010000
00010100001101101101
00100110000111111110
00100100111010111000
00100101110101001001
00101011111000010001
00100101010100101111
00110010110000001110
00011101111000010010
00010110010110000101
00001110001101011000
00100001010011100100
00100111100001001111
00101000100100101011
00100101011000111000
00100111011000011010
00100110000001111101
00101001110111011001
00101001100000100101
00100011001000001111
00101001100010101101
00100011110111011111
00100101001110110101
00100010010011110001
00100000110011101110
00100011001011101110
00100011001111100001
00100000001001100100
00011101000101001101
00011001001011010111
00011110010000010010
00011111111110111010
00011100010100100000
00011110011111100001
00100010010101011001
00101011011100001101
00100001110110000011
00010110011110000000
00010110011111101000
00101000000001010001
00110001111000000111
00100111100000000111
00100101010010100011
00100111111100010000
00101101001011101011
00110100100011101000
00101001110011001100
00101001001000001100
00100001010101010110
00100010100001010000
00100010011111000110
00100011011011111101
00100001011101101000
00100000101111000001
00100011000100100010
00100010001111000100
00100100100010000110
00011100100011001011
00011110000110101011
00011010001100000101
00011011010011111101
00011111010010101101
00100011100000011010
00100011101001110010
00100100011100100101
00010111110110110000
00011001001001100111
00101000101011000110
00110011111101111000
00101010010001010110
00101010110100001100
00100010001111100100
00110010001111111011
00101111110000100111
00101100001010011110
00100110000000000000
00011000010001100111
00011101110111100101
00011000101000010011
00100110111110011101
00100011100101111001
00101001000010111110
00100101010110010111
00100010100010011010
00100101101001110101
00100101011001100001
00011011111011010101
00011000000011101011
00011111100101110000
00011001010111001011
00100000000101001000
00011100001110011000
00100000010001111111
00011010011001100011
00010011100011010110
00101000110011000110
00101001101001100111
00101111110001010100
00100010100110100100
00100101011100100010
00101001010010110010
00101101001001001111
00100111101000101011
00011101111010100001
00010000100011011101
00011011111010010110
00010011000011110111
00100100010101111101
00100001101001111101
00101001000000100000
00100011001110000011
00100000000111111010
00100100101100001101
00011101101100011000
00011100010001100001
00011110000110101111
00011111011011011100
00100001100111111010
00011101001101101011
00100100000001111100
00100001011101101110
00011010111111000001
00010110101100000111
00101101110110011001
00101010001110010110
00101001010111101110
00100010111010010111
00011001100110000011
00100100111011011110
00100111010001001001
00100001110011001110
00010101100011111010
00010001101101101100
00011100101000101000
00011010101010100110
00101000011111011000
00011100010011110010
00100001001010010000
00011101110100110111
00100001001011110010
00100000110100111100
00100011011110111001
00011101110010111001
00100001100101010100
00100000010001110001
00100001111110000111
00100000100111011000
00101010100001010110
00011110100011010011
00011100010110010110
00010101111111101011
00100111001010110010
00100101011110011011
00101000001110101111
00100110100111111110
00100001100000010101
00100111111101111001
00011010000101110010
00011000010111101111
00001110100001110010
00010010011000011110
00011010100111011111
00100100100000110101
00100111111001011001
00100101001111101110
00100101001100111010
00100010011101100110
00100010001101010100
00101000010100110111
00101100100100011100
00100011111111101000
00100101101111111011
00011111110100110101
00011111010100110101
00100101100001001110
00100101101100001010
00100111000111111100
00011011100110111010
00010010100001110000
00100100000001100110
00011110101001010100
00100110000011010111
00100100111000111000
00100111101010001101
00100010111110101101
00011101101100110000
00011111011000011100
00010111100001011011
00010101111011010000
00011001000001110101
00100100101110111001
00101000000001111101
00110111010110111001
00100101111110000111
00100000011010011110
00100000111010110000
00100101101100010100
00111001001010001100
00100011000100010100
00100010111110010000
00011000110000110111
00011100101010000000
00011011010010101101
00100010111110111011
00100101100000111001
00011101000111111001
00010101100110100011
00011100000111000011
00011001001010100111
00100000100111010011
00100100111011011010
00101000001011011010
00100011100011000011
00100010001001111011
00100010001000110100
00011011111000001100
00100010101011101110
00011001000101101111
00100110101001001110
00100110100100001100
00110110000101110000
00100111101001011100
00100011100001100011
00011101110101001101
00100100110010010011
00101011100010001011
00100100111100110000
00011001100010000101
00011101111110010111
00010101110000100101
00011011010011001110
00011110111011011001
00100011111101100010
00011001001000111110
00010111111101101111
00100001001011010111
00011000000101110000
00011110000011111001
00011111000010010010
00100010000111000101
00101010000011100101
00100101100101001011
00101011101001110111
00101000100111000100
00101010111111110100
00011100110011000101
00100100000000011110
00011110111101101001
00110010110001111000
00100011110111100101
00100010111011011111
00011010100000111010
00011100100110100110
00100110101101000001
00011010111110111111
00011110111011100111
00011011100000011000
00010110110001111111
00011100111101101110
00010110000100010110
00100001110000011110
00010000100000110001
00010111111000001100
00100011111011111110
00100001110111110001
00011111111101100011
00100010010010010011
00100010101111111111
00100110110101100000
00100000010111111010
00101101011110011101
00101010000110101110
00101100011111011111
00100010111011000010
00100100001110101000
00100001010101111011
00110010111001111101
00101001011110011101
00100011000010101011
00100010001101111111
00011001010011001011
00100110000001111100
00011100101000100000
00100000100101110000
00100000101000001001
00011000101100101100
00101010101101101101
00011000110011000111
00100010101011001111
00010001111101011100
00010101110011000111
00101010110001100010
00100100010111010001
00100010101110001001
00011101100010001010
00011110000111010111
00100000100000011001
00100111100111100010
00101100000111101010
00110000111101010110
00101010100101011101
00100000111101010101
00100111110000010110
00100110101111101010
00110100000100010001
00101001101011001010
00100001110011011010
00011101010000011011
00010011011010100011
00101001010011001110
00100010100100101011
00100111111000101010
00100010101011100010
00011111111101110001
00101011000100010011
00100110000111001011
00100110000000010100
00010010001011001011
00011000011101110101
00110000011111110011
00100101001110101101
00101001100110111011
00100001100001111001
00100001100001100000
00100011110110000110
00101001011001011101
00100101011001101000
00101101101110010111
00100111011011110101
00100110001111101010
00100001110011001100
00100110001001100010
00101011101000000111
00101000000000011100
00100000111011110010
00011100101101101000
00011010110111000101
00101011101000110001
00101001111111101011
00101100101010111110
00101100110011100011
00100100110011011000
00101110110110100110
00101110010101011011
00101001011111100001
00010101010111001001
00010011111010110010
00100100101001011101
00011111011000001001
00100010100001000000
00011000101111001100
00011101100001011010
00100011111110101001
00101000100001011100
00101011111010110110
00100011111110101011
00100110110110101101
00100000001110101101
00011100101111000100
00011110111010001100
00100000100000000011
00011010100001100101
00011101010000010001
00011010111111001101
00011111011010000001
00100111101100010101
00101011111011100101
00110001101110110010
00100011110110100110
00101111011101000101
00100101011111000110
00110000001001110101
00100111011010001001
00011100100101001111
00001010000101001110
00010100010110000111
00010100000110001010
00010100010100100100
00010001001001000101
00010101100010000000
00011100000110110111
00011101000001100010
00011110100101010000
00010111101110101011
00010111010110111111
00010101101001111010
00010011000101001010
00001111010011111000
00001101011000101011
00001110111001110101
00010110110111001110
00010110100111001010
00010110101011100101
00011001101100100001
00011011111100101110
00011101101111111101
00010111111000111010
00011111111010010101
00011001001011010111
00011110111100010000
00011111010101100011
00011001101001110110
00010010110001011010
00011010010000100100
00011011000010010001
00011100101001001110
00011101000000000001
00010101100001110001
00011111101110001100
00001101011000000010
00011011011001110000
00010100101010000111
00011010010010001101
00010000101000110101
00010001010101110101
00010011111011110110
00001110110100001101
00010101001111011001
00010010010001100110
00010100011110101011
00010101101101110110
00010100011000000011
00011101110011000100
00010110110110111000
00010111010101101001
00010011011000011110
00001111101000000110
00010101110001101111
00010011010010000001
00001011011001001100
00100010110000010111
00110010101001101111
00110011010110010101
00101100110001101100
00110101110000001101
00011101000110010010
00101001011000010111
00100000001110111111
00100010011111000101
00100010101111101000
00011111000000010111
00100001001001000011
00100010010000011000
00100010110011010011
00100100001010100011
00011001111010011100
00100101100001111100
00011101000110100100
00100010111001010101
00110000110110010111
00100010101001111101
00100000111100111001
00100100111100010101
00011100011101010011
00011011010000101101
00100001001110111110
00100110111111111000
00010101111000001101
00101001011000010110
00110010000110110000
00101100101011011000
00101000001110101111
00100111100000101010
00100001001101011001
00100111100111001011
00010110100010010100
00011001110001110111
00100011010100100010
00100011010100001111
00100001110101100101
00101001101111011100
00101000101011001110
00100111010111100011
00011100010111010101
00100100001111101110
00100011101111011010
00011101011001001001
00101011111000111000
00011101000000111011
00011111011001101101
00011100100000101001
00001110011010001101
00100101010001010010
00011111001010100111
00101111110100111110
00011011011111000111
00011101111101110101
00101100001000010100
00100111010001101010
00100010001110010111
00100111010000110000
00011110111111001010
00100101110010101110
00100100010001011111
00011111101000000110
00010111000011101010
00100001111010010000
00011011110100010111
00101101110110000010
00101101100010110010
00100111010111011100
00011011000010111001
00101010000001010001
00100001001110101010
00010111010110000000
00101011101100110011
00011001100111101011
00100110001011111110
00100010010110011010
00011010111001001100
00100000010100101000
00100001101000010101
00110100101101011010
00001110010101101111
00011010111100000011
00011110001000100100
00011010011111111100
00011010011101000100
00100100101111001011
00101100110000011100
00100010000011000110
00101001111110110101
00100001001100110010
00100111111100011101
00100110011100100111
00101001101010101101
00100010100111101110
00100010111011000101
00100111010111001000
00100011100010101101
00011110010110011100
00010110110111010110
00011011111110101010
00100101011001110001
00100010100111010010
00101100101011101110
00100000001011001110
00011101010010000101
00100001100110010101
00011010011110001010
00100011010011100001
00011000100010011001
00010111110001010111
00100001110001010011
00011101101001111011
00100101011001001101
00100001010001110111
00101111011101000100
00101010111011110010
00110101101000110110
00101011001000011000
00110010001001101100
00100011110100000110
00011011010011100011
00100000010110111001
00100010000100001110
00011101001100101001
00011101010100000010
00101001001100111010
00011100000101101101
00011100111100100100
00100010110101111011
00011010011001100110
00101111110110101000
00100011111101100110
00011011110100101000
00011101001011101000
00011101010101110011
00100010010111010100
00001100010110110110
00100100100110001010
00100110011011101110
00100001101110101100
00011110010100111010
00101001111100010000
00100001101101010001
00101101001110000001
00100011111010110000
00101000000010000011
00100011000110110010
00101001110100011100
00011110000010001110
00011000000110010001
00011101100101001101
00100100001100111100
00101001010000001001
00100101101010100011
00100001100000100011
00100010001000111001
00100001001110000000
00011001000011110110
00011010101100101010
00011000010010101100
00100000100001101000
00010111111110100010
00010100100000000110
00011100110110000110
00001101010100010000
00100110101010111010
00011011101101110110
00100001010101011001
00001111111110010000
00101010010100011000
00010100100001000101
00100010001100100010
00010101000111111011
00100101011111111100
00011111101100000001
00100000110101100110
00010010101011000101
00100010011010110000
00100110010110101111
00100110100010100000
00101110000101100010
00100001010111110101
00100010101110101010
00100101001010000101
00100100111011011000
00010101011111111011
00011101100010000110
00011101001110010100
00011000101000010110
00100101001101111100
00011101000101011010
00100010110111101101
00001101111100110010
00100000010110011110
00011101101010101001
00101010111001000011
00011100100101101100
00101001111100001110
00010110111011000011
00011011001011000101
00011001011110101101
00010111101101101000
00011110000000001111
00010110100000101010
00011100010000000010
00011000101100010111
00101000101011100110
00011111101011100100
00101011100000010011
00011110001010110110
00100100100001001010
00100100111000101000
00100000100001100010
00011010110100100101
00011001111111011110
00011110101110000101
00011100010001011000
00011110011111010110
00100101100101011000
00011111011110110110
00010100011101001001
00011101000111110111
00100001100001011010
00100000011100101001
00100111000001011101
00100010000111101110
00100101001110000110
00100001000000000001
00100101101111110011
00010110000111011010
00100101110100101110
00001111111111001110
00011011001011000111
00011101001100011011
00100100011110101100
00011101110000001000
00100001010001101111
00100111111110101101
00011100110110100100
00101000101000000111
00011110010010111011
00011111110111000001
00011110111100111011
00011000101000111110
00101001011101100010
00011110011010001010
00110000000101110010
00011110111011000110
00010111011011101000
00010011011110101100
00101010110011100010
00100100011001000100
00101001001101111011
00110010000100101111
00110001010110110101
00100110101101010110
00101001100000101110
00011001100010111010
00011000111011000101
00001100010011010001
00100001101000110000
00011010111010111010
00011101000100111001
00100100000010101101
00011111110011010000
00011101011111111100
00011100100101011010
00011011001100000001
00100000100101110101
00100000111011001011
00101000000100101011
00110000001111101100
00100000101101010000
00100000101011100010
00100110100001110110
00100101011000010011
00001111111110101100
00010100001111001011
00011100111010100000
00011100011100110101
00101100011100010010
00011101101001110100
00101101000010111110
00100001110011001011
00011110110101110011
00001011010000100110
00011100001010100000
00010001001101111001
00101000100100010000
00100001110100011111
00100010011010111000
00011110000100111110
00010011100111011110
00100001101010011100
00100100101011110100
00011011101011000100
00101100000000111100
00011111000101011001
00101011100011001100
00101011110010010010
00100111011001100000
00101001110011001010
00100100100010001111
00011000001001110001
00010101111110001101
00001010111011000110
00011111101010011000
00011110111101011110
00100001100011101101
00100100011010001011
00011010100101100101
00011001100101010011
00010011000100011000
00010110010100101010
00010101001101000001
00010101111011100100
00011001101111111111
00100010101010010011
00010010011100111110
00100101101111110100
00011010001010110111
00100011111101010000
00101101011000000000
00100011111001110001
00110000010011001100
00011000100010000110
00101110010110110000
00100011001010101101
00100010110110110101
00100101100011100010
00011110010100100010
00100110000110011001
00000111001101001100
00001110100001001100
00011100111101010110
00100000111100110101
00100101010011110001
00010101000101010010
00011011001011111101
00011011000101110010
00001110101011000000
00011111100110100101
00010001011010101101
00011100100111011001
00010111100000100100
00011100001001011110
00010111001001101011
00101010001100010110
00100101000100100101
00110011000100111010
00101110000001011010
00110000111100110101
00101110110100111010
00100001101010100010
00110000001000010100
00100000110011111001
00011011100101100100
00101010010000000110
00011001000000101100
00100101100101111100
00010011110011000000
00001110011111000011
00100101011110100011
00101010101101010000
00101000101000001110
00011000110100000110
00011100001100011100
00011010010110100000
00011101100011010100
00100000011011100101
00011011001111101101
00010011011001101011
00011100110000111000
00011110111001001111
00101010111001000001
00100010110010111101
00011100001010110100
00101011101101100001
00100110000010000001
00101100001011100110
00110101001011011001
00100110011101100101
00101011001101001010
00100100001111010011
00011110010110001110
00100101010100100010
00100100111001110101
00100001001010010110
00001000011101010110
00011000110001100001
00101101011110011000
00101000000011011010
00100010101010110011
00010111100011011010
00011010011101111110
00010101001001111100
00011100111000010111
00011100100000101101
00011010011100011011
00100100101010111111
00011100100111001000
00011100001000010111
00100100000100101010
00100100000010000001
00101010011101001000
00100100001100101101
00100111001000101000
00101000110101010100
00100100110010110010
00101000110110011000
00101010011100010101
00100011100101010001
00100111111001010111
00100100000000001010
00100101110000011100
00011101101001001110
00010110001011011011
00010010100011011000
00100101101011010000
00100101011000111010
00100001101011111110
00011100101101011100
00011010010011111010
00010001101010111001
00010111011010000110
00101001010100000000
00100111110110011010
00100110001111110011
00011101011000001101
00101001011010100011
00110001111111100000
00101010100001111100
00101001111110110000
00100011110001111100
00100010101110000100
00011001111110110000
00100110110010000101
00011100100011101011
00100000111011111001
00011100111010101010
00011110110110000000
00100000111001110010
00101100011011001010
00100010001101111011
00010000100100111000
00010101001011001101
00101101110001110010
00011101110000110111
00100000101100100011
00011011010111000000
00010101100001110000
00011001111101101001
00011010010100001101
00100001010101011100
00101001001000001111
00101010110000101100
00101100010101010111
00101111100000001101
00101010001011000111
00101011000100010001
00100000010000000110
00010011000100000010
00010101110001110011
00010011111101110011
00011100110011011100
00011110111111001011
00011001011000001011
00100000100111100001
00010011010010001111
00101100001001001000
00100001101010010110
00101001110010101111
00010011000010100100
00011000101111110010
00100000011010110100
00011010111011111111
00100010111111010011
00011001001100111011
00011111011000111111
00011000111101000000
00010111100000001011
00011001001001110111
00100011000111000111
00100010110011010001
00101010111110111000
00101101001101010001
00101001000110111000
00011101110110100111
00010001100010010000
00001000100010110101
00010110000010111100
00010110011000101000
00101001000010000101
00100011010000110100
00011001010110100011
00100111010110100101
00010100110100000100
00011110110100111101
00011110100101101011
00100111110001101110
00010100010101000100
00011010000101111101
00101010100100011111
00100011101001000100
00100011010101111111
00011011010100010110
00100111110100010100
00011111001111010010
00100111010100101100
00011011110011101001
00101100010101000011
00100011100010000010
00101100101000001110
00100111011101100010
00101011011010001000
00011100001010110110
00011011011011011110
00011000000000110101
00010110001010001001
00011011010100111111
00011010000001100101
00100111110110011011
00100010111110010101
00011011111100100001
00010111111010010111
00100100000100101010
00100000101011001110
00100101100011111110
00010001000111000000
00011011011101110001
00101011111011111110
00100010010011011111
00101101100000110110
00100000000110000111
00101001011010011100
00101001110101111111
00100111101101011000
00100110001101111101
00100111100111110110
00100010111000000100
00101101001010000010
00100010010000111101
00101110001010100000
00011010010111101111
00100001110111101011
00010101100001100111
00010110000010100101
00100000100100001100
00011110010010101000
00100011010010000101
00011110111011010100
00100100011111011000
00100100100101101000
00011100100100011111
00100010000100101111
00011010001101011101
00001111100000001000
00010010100000100011
00100100110101001100
00100101100100110111
00101010101010010111
00100111110111001110
00100011100000010001
00100110000101010110
00010111101101111111
00101011100110010101
00100010011000001101
00101110011110111110
00011001001111111110
00011110001101101101
00100001010011001101
00100010010101101100
00100011101101100100
00100000001110100111
00010011100000100101
00011101011010111001
00011000000101110110
00101001100111001101
00011100001111001110
00011000001100011011
00011101010010101001
00100000100000111000
00011100101100111011
00011101001000010010
00001010101100110010
00011010011000011001
00101011010000101101
00011100000011001011
00100100000000000101
00011110001111100000
00011101010001001011
00011011111010000100
00011010111101100001
00100110001101101101
00100100011100100101
00101101100010100010
00011100001100110111
00011110100000110110
00100000100111010011
00010110011001011001
00011111011011000011
00011010000010010100
00100001010001101111
00011110100001101011
00100010101010011101
00011001111101011111
00010010011100100101
00011110011111001110
00011000011001011001
00101000000000100111
00011100011110010001
00101000101010111010
00001011010010001101
00010001101110101110
00100000001000100011
00011100100111111011
00011000110101110110
00010111010001001010
00100010011000110110
00011110010111100010
00011001101010011111
00100001001101001100
00100010011101101000
00101010011010011001
00011100101101011101
00011001111100111101
00011100110000010111
00011011101001111001
00011001110011000100
00100110011110000010
00100010101110111000
00100011001011010010
00100000000110101011
00011110001101111000
00011110101000101111
00011010100010100010
00100010001000100111
00110011011101100001
00011000100010110010
00011001011011010010
00000110011001100110
00010101100000110110
00011011010000011011
00010110011100100000
00010110111110111100
00011010101111100000
00010110000001011010
00010011010110001011
00010110100100111100
00100011001001001000
00011001001011110101
00100110111101110001
00011101000000000111
00011101011001111000
00011110101100010001
00011110001010001111
00011001000010110100
00011110111111010000
00100011100100000100
00100011110010111111
00101011111110000000
00010111001100100110
00011111011101000100
00100101011101001010
00100000111010001100
00101100111001110100
00011100101000100110
00011011101011001110
00001010110001001100
00001011111001100011
00001111011010001001
00011000100101111100
00010100000000100001
00010101100100110010
00010111101010101111
00010111001001001010
00011001000011000100
00010110101000001011
00011101001000011110
00011000101111111111
00011111000011000001
00101001011011101001
00101000000101010011
00100101010101100001
00100010100000010001
00100011001000111000
00011101101001111110
00100001101011110001
00011010110110101001
00100000110100100001
00010100110111010101
00011010000110010000
00100110011111110111
00101010111101100000
00100010110011001000
00010111010101100011
00000110011110011001
00010000110010010001
00001011000010011010
00011101101101100110
00011000010110100001
00011000101010111111
00010110010011101111
00011100101101111110
00011000101110100100
00101001001111101011
00100001011000011010
00101101000011001101
00101010101110000001
00101000110001100011
00101011101110001111
00110001000000000111
00100000010111110001
00101010100000010011
00100010001111101110
00011101011100001101
00011000010110000101
00011110011010000101
00010100010010110101
00100000011010010010
00100100011111011011
00100000110100110011
00011100011011001011
00010110100110001011
00000110111001011110
00001110100000001010
00001110101110111110
00010001000001111100
00010000101110111000
00100011111100001011
00001110100111111010
00011111101100110110
00011011110010011001
00100000001111111000
00100101011111011010
00100101010101011111
00011110100111101000
00100110010111010000
00010100010111000110
00011010001100110101
00011101011101011001
00011000010001000000
00011010001010010111
00010011100001000100
00010010011010110010
00011101111000111001
00010101110101011110
00100000111101010001
00011000000011101011
00010101101110010101
00001101001000001111
00001001111010111101
00000111000110011000
