001111011001101110
010101010110011110
010111011001101100
010001111000101000
010011101010110111
011010010101001011
100001100000000100
011001111011100001
000100011011110100
000101110100101011
001011001011101101
001000001100110011
001101110101000011
010100111111101100
010110110000100110
010100001000100110
010000000010000000
010011101101110001
010001100011011100
001101010001011011
010101010100001111
011000100110010000
010111010011001011
010010011110000100
000110111000111101
000101100011011110
000111010010101001
000101110100101001
001111100001110010
010001111010101111
001101111000110101
001111101100011001
