01100010
10110010
10100000
01110011
01111001
11110011
00010101
01000111
01110010
10010110
11100000
01111000
01101111
10111111
01110111
11011100
01110111
01111111
01111100
00111010
00010101
00010001
11100011
00111011
11011100
10110110
11011111
11110000
00100011
01100100
11111011
10100101
11100101
01111011
00000011
10011111
00111011
10000111
10111001
10011011
10010110
01101110
00111110
01101101
00000010
10011011
11110101
00011000
00001001
11100010
00111111
00000010
11010000
00100011
11100001
00011000
01011010
10010111
10010101
10101010
10100101
01101110
00100011
11000000
